339	106	16	15
339	105	16	15
339	106	14	14
338	106	11	14
338	106	11	14
338	106	11	14
338	106	11	14
338	106	11	14
335	108	13	13
335	108	13	13
335	108	13	13
335	108	13	13
335	108	13	13
335	108	13	13
335	108	13	13
341	106	13	14
340	105	13	15
340	104	15	17
340	103	14	17
340	103	12	17
340	104	11	17
340	105	11	16
340	105	12	16
340	105	14	16
340	105	15	16
340	105	16	15
339	105	17	15
340	105	16	15
340	105	16	14
340	105	17	16
340	105	16	14
340	105	17	15
340	105	17	15
340	106	18	15
340	104	16	16
339	105	17	15
340	104	15	16
340	104	15	15
340	105	16	16
340	105	17	16
340	105	16	15
340	106	15	15
340	105	15	15
340	106	16	14
340	105	13	15
340	105	14	15
340	105	14	15
340	105	14	15
340	105	14	15
340	105	14	15
340	105	14	15
341	106	11	14
339	105	13	15
340	106	11	14
340	106	12	13
340	106	12	13
339	106	11	14
340	106	10	14
340	105	11	15
340	105	12	15
340	104	13	16
340	104	12	16
340	104	11	16
340	104	12	16
340	104	13	17
341	105	11	15
340	106	12	13
340	106	14	14
340	105	13	16
339	105	15	15
341	104	12	18
341	103	11	17
340	104	12	16
339	104	14	16
339	104	15	17
338	105	17	16
340	103	17	17
340	103	19	17
340	104	22	17
337	103	24	17
337	105	24	16
339	104	23	16
340	105	23	15
338	106	26	15
335	106	26	14
335	106	25	14
335	107	26	13
335	107	28	14
335	106	31	14
335	107	32	13
335	107	30	13
335	107	29	13
335	107	30	14
335	106	31	14
335	107	32	13
335	106	31	14
335	107	32	13
335	107	31	14
335	106	32	14
335	107	32	13
335	106	31	14
335	106	31	14
335	106	30	14
335	106	29	14
335	105	32	16
335	106	34	15
335	108	33	14
335	108	33	14
338	105	31	16
337	104	32	16
340	104	28	17
334	105	33	16
334	105	35	16
335	108	33	12
335	106	35	14
335	107	34	13
335	106	34	15
335	107	34	13
334	107	34	13
335	106	35	15
334	105	35	15
335	106	35	15
336	105	34	15
335	105	33	15
335	106	35	14
335	106	35	15
335	106	34	15
335	106	35	14
335	106	35	15
335	107	34	13
335	106	32	13
335	106	33	14
334	107	35	13
336	106	33	14
335	106	35	14
335	106	34	14
335	106	34	14
335	106	34	14
335	107	34	13
335	107	33	13
334	107	34	13
335	107	34	13
335	107	35	13
336	107	33	14
336	107	33	13
335	106	35	14
335	106	35	13
335	107	33	13
335	106	34	14
336	106	33	14
336	107	34	14
336	106	34	14
335	106	35	14
335	106	35	14
336	106	34	14
335	106	35	14
335	106	35	14
335	106	36	15
336	106	35	15
336	106	34	14
335	107	35	14
336	104	37	16
336	105	38	15
337	105	35	15
335	106	37	15
336	105	35	15
337	105	35	16
339	105	32	15
340	106	31	14
339	105	31	15
340	105	30	15
338	106	30	14
336	106	32	14
335	106	33	14
336	105	33	15
337	105	34	14
336	105	35	15
338	105	33	15
338	105	32	14
336	105	35	15
334	106	35	14
335	106	35	14
335	106	34	14
335	106	34	14
336	105	33	14
337	105	31	14
340	105	29	15
341	106	27	15
335	106	32	14
335	106	33	14
335	105	33	15
335	104	34	17
338	104	32	16
340	103	30	19
338	106	31	16
335	107	34	14
335	107	34	14
334	107	35	14
335	107	35	14
335	107	34	15
335	107	35	14
335	106	35	14
335	106	34	15
335	107	34	14
335	107	34	13
335	108	34	13
335	111	31	10
335	112	31	9
336	109	33	11
334	107	34	14
335	106	35	15
335	106	33	15
335	106	34	15
335	105	34	15
335	105	34	16
334	106	35	15
334	106	35	14
335	106	35	14
335	106	34	14
335	107	34	14
334	106	35	15
334	106	36	14
335	106	37	14
335	109	34	11
335	107	34	13
335	106	35	14
335	106	33	14
335	107	35	13
335	106	34	13
336	106	33	14
335	106	35	13
336	106	33	14
334	107	35	12
335	107	34	13
335	107	35	13
335	106	37	13
335	107	35	13
336	108	33	12
336	106	32	14
336	105	32	16
336	107	33	15
335	109	33	12
335	111	33	11
337	110	32	10
336	109	33	12
336	110	34	11
336	110	33	11
338	111	31	10
335	110	32	10
336	107	32	13
337	108	33	12
338	107	31	13
336	107	33	13
336	105	34	15
336	105	32	16
336	102	33	18
338	99	31	21
339	106	28	16
339	106	28	15
338	106	30	14
337	109	30	12
335	109	32	12
335	109	32	11
336	108	31	12
335	108	32	12
335	109	31	12
335	108	32	12
335	108	33	12
335	109	34	12
335	106	35	16
335	102	34	19
338	100	32	21
339	100	30	20
339	98	31	23
342	97	27	24
341	107	27	18
340	107	28	15
342	108	27	14
336	108	31	13
335	109	32	12
334	109	34	13
335	108	34	13
334	108	34	13
336	106	32	14
339	103	29	16
340	104	27	14
340	103	28	16
340	101	29	19
341	101	28	15
342	103	27	16
338	104	30	14
342	106	26	14
343	107	25	12
339	107	28	13
337	107	32	12
340	106	28	10
337	107	32	8
340	107	29	9
335	108	33	12
335	105	34	14
336	106	32	10
337	107	31	12
337	106	31	15
339	103	31	17
339	102	31	19
339	102	31	19
339	99	30	22
335	104	35	17
334	107	37	14
334	106	36	14
334	107	37	14
334	106	37	14
334	106	36	14
334	106	36	14
335	106	35	14
336	103	34	17
335	100	37	21
335	99	35	22
338	97	34	25
336	97	34	24
337	97	34	25
339	95	33	26
338	91	37	30
336	95	38	26
335	99	36	23
335	98	34	24
335	98	34	24
338	95	31	27
338	92	32	30
337	89	32	33
337	94	32	27
335	101	36	21
335	98	36	24
336	96	34	26
335	102	35	21
335	97	35	25
339	98	31	24
339	97	30	24
338	94	31	27
338	98	29	23
339	99	29	22
340	96	28	25
340	95	29	27
340	97	29	25
335	97	33	24
338	94	32	27
339	92	31	27
338	97	32	22
338	94	34	26
338	93	32	27
338	97	33	23
338	92	34	27
337	95	33	26
336	96	33	24
337	95	33	25
337	97	34	23
339	98	33	23
337	96	34	25
335	97	37	24
334	100	35	21
334	98	38	22
334	99	36	22
335	100	36	20
335	100	35	20
335	100	36	21
335	101	36	19
335	100	35	20
336	100	34	19
334	100	35	21
334	101	36	20
334	99	35	21
335	100	33	20
335	100	33	19
335	104	32	17
334	102	28	18
338	102	31	18
336	101	34	19
334	99	40	20
334	100	43	21
334	99	46	21
333	101	50	20
334	100	51	21
333	98	56	24
334	100	55	22
333	101	55	20
329	101	56	20
333	103	54	18
332	102	49	19
334	107	48	13
334	107	49	13
333	106	49	15
332	103	44	17
336	102	49	19
334	103	54	17
334	103	51	17
333	103	48	17
333	104	41	16
335	105	34	15
335	107	34	14
336	106	31	12
335	105	35	16
334	105	38	17
334	105	35	17
334	106	35	16
334	106	35	14
335	106	34	14
335	106	33	14
335	105	35	15
334	103	38	18
336	101	33	20
334	104	38	16
335	104	36	16
337	104	34	14
336	104	37	17
338	103	34	18
339	100	32	18
341	98	32	21
340	98	33	15
336	104	35	17
335	104	39	17
334	103	41	18
335	101	40	21
338	99	37	23
339	96	36	27
341	96	35	27
340	100	35	24
339	97	36	25
341	96	34	26
341	100	31	23
341	101	32	21
341	100	31	22
339	100	31	22
341	99	29	23
341	100	30	22
340	100	30	22
342	97	25	26
341	95	22	27
340	99	24	22
341	98	19	22
340	100	20	20
339	101	22	20
338	100	25	20
338	101	25	19
337	102	27	18
337	104	26	17
335	106	28	15
339	106	28	14
337	106	31	14
337	106	33	13
335	106	35	15
334	106	37	16
334	105	38	16
334	105	41	16
334	103	41	18
335	103	43	18
336	103	42	16
336	104	40	15
336	102	44	16
336	104	43	15
338	102	39	10
335	105	39	14
336	104	42	15
335	102	47	19
334	103	52	17
333	107	57	14
333	107	55	13
333	105	55	16
333	107	54	13
333	105	51	16
333	104	52	17
334	104	52	18
334	104	53	18
333	104	53	18
334	103	52	20
333	103	54	20
334	102	50	20
336	103	48	19
334	103	51	19
335	103	50	17
334	104	50	16
334	104	50	17
334	104	51	17
334	105	51	16
334	105	49	16
333	104	51	17
334	103	56	17
334	104	53	18
333	103	50	18
333	103	51	18
332	107	53	14
332	105	52	15
332	105	53	16
332	105	53	16
332	103	53	18
333	101	53	20
334	102	50	19
333	102	51	19
335	103	53	18
334	104	58	18
332	103	57	18
333	106	63	16
332	105	60	16
332	105	61	16
331	105	60	17
333	104	63	18
332	104	65	17
331	104	63	17
331	105	63	16
331	105	62	17
333	104	63	18
332	104	63	17
332	103	65	19
332	104	65	19
332	103	64	18
330	104	65	17
333	105	64	16
331	105	62	16
332	103	65	18
329	103	64	18
332	104	65	18
333	103	62	18
334	104	64	18
332	104	65	17
332	105	65	17
333	103	62	17
330	102	55	18
334	102	51	19
332	102	46	19
343	103	47	17
334	105	50	16
333	105	52	17
333	104	56	18
335	104	60	17
332	105	62	15
333	104	62	17
335	105	59	17
332	104	62	17
333	104	62	17
332	103	62	18
332	105	63	17
332	103	65	18
333	104	63	18
332	104	63	17
333	104	64	16
333	98	66	20
335	97	67	22
336	96	78	23
333	99	86	22
332	95	85	26
326	96	78	26
332	93	73	28
334	92	63	29
335	93	62	27
333	92	65	29
333	91	65	29
334	93	63	26
333	95	64	25
334	94	61	26
335	94	61	25
334	94	61	26
335	94	61	26
336	94	60	26
335	94	60	26
334	93	61	27
336	93	59	26
335	92	60	28
335	93	61	27
334	93	62	27
335	94	61	27
335	94	62	27
334	93	62	26
334	94	62	26
334	94	62	26
334	94	62	26
335	94	60	27
335	94	61	27
335	93	61	27
334	94	62	26
334	94	62	27
333	94	64	26
334	94	61	26
333	94	63	27
335	94	60	28
334	94	62	27
334	94	62	27
334	94	62	27
333	93	63	28
335	93	62	28
334	94	62	27
334	94	62	27
333	93	63	28
334	94	63	27
334	93	62	27
334	94	61	27
334	94	61	27
335	93	61	27
335	93	62	27
333	94	63	26
337	91	61	29
336	91	60	29
334	92	63	28
333	94	65	26
333	93	64	27
333	97	64	22
335	94	62	26
334	95	63	25
334	94	61	26
334	94	62	27
334	93	62	27
335	94	62	26
334	95	62	26
335	95	60	26
334	95	62	26
335	94	61	27
334	94	62	27
334	94	62	27
334	93	61	28
335	94	61	27
335	93	62	27
335	94	61	26
333	94	64	25
335	98	61	22
335	105	63	15
334	102	64	17
334	100	64	19
335	98	63	22
333	100	63	20
334	100	61	20
334	98	54	22
336	98	47	22
