359	239	7	6
359	239	7	5
359	239	7	5
358	239	8	6
358	239	8	5
357	239	9	6
357	239	10	7
358	239	9	7
357	239	9	6
357	239	10	7
357	239	9	7
357	239	9	7
357	239	9	7
357	239	10	7
356	239	10	7
357	239	9	7
357	239	10	7
357	239	10	7
357	239	9	8
357	239	9	7
357	239	9	7
357	239	9	7
357	239	9	7
357	239	9	7
357	239	9	7
357	239	9	7
357	239	9	8
356	239	10	7
357	239	9	7
357	239	9	7
357	239	10	7
357	239	9	7
357	239	8	6
357	239	9	7
357	239	9	8
356	239	9	8
357	239	8	6
357	239	9	6
357	239	9	7
357	239	9	8
357	239	10	7
356	239	11	8
356	239	10	9
357	239	10	8
357	239	9	8
357	239	9	6
357	239	9	6
357	239	9	7
357	239	9	7
357	239	9	8
357	239	10	8
357	239	9	8
357	239	9	7
357	239	9	8
357	239	9	7
357	239	9	7
357	239	9	7
357	239	9	6
357	239	9	7
357	239	9	7
357	239	9	7
357	239	9	6
357	239	9	7
357	239	9	7
357	239	9	7
357	239	9	7
357	239	10	8
357	239	9	8
357	239	9	8
357	239	9	7
357	239	9	7
357	239	9	8
357	239	9	8
357	239	9	7
357	239	9	7
357	239	9	6
357	239	9	7
357	239	9	7
357	239	9	7
357	239	8	6
357	239	9	7
357	239	9	7
357	239	9	7
357	239	9	7
357	239	9	8
357	239	9	7
357	239	9	7
357	239	9	7
357	239	9	8
357	239	10	9
357	239	9	9
357	239	9	9
357	239	9	8
356	239	10	9
357	239	10	8
357	239	10	7
357	239	9	6
357	239	9	7
357	239	9	6
358	239	8	6
357	239	9	6
357	239	9	6
357	239	9	6
357	239	9	6
357	239	9	6
357	239	9	6
357	239	9	6
357	239	9	6
357	239	9	6
357	239	9	6
357	239	9	7
357	239	9	7
357	239	8	7
357	239	9	8
357	239	9	8
357	239	9	8
357	239	9	8
357	239	9	7
357	239	9	7
357	239	9	7
356	239	10	8
357	239	9	8
356	239	10	7
357	239	9	7
357	239	9	6
356	239	10	7
357	239	9	7
357	239	10	8
357	239	9	7
357	239	10	6
358	239	9	6
357	239	9	6
356	239	10	7
356	239	10	6
357	239	9	7
356	239	10	8
357	239	9	7
357	239	9	7
357	239	9	6
357	239	9	6
357	239	9	6
357	239	9	6
357	239	9	6
357	239	10	6
357	239	10	7
357	239	9	7
357	239	9	7
357	239	9	7
357	239	9	6
357	239	9	6
357	239	9	6
357	239	9	6
357	239	9	6
357	239	9	7
357	239	9	7
357	239	9	7
357	239	9	7
357	239	9	6
357	239	9	7
357	239	9	7
357	239	9	6
357	239	9	6
357	239	9	6
356	239	10	7
357	239	9	6
357	239	9	7
357	239	10	7
357	239	9	7
357	239	9	6
357	239	8	7
357	239	9	6
357	239	9	7
357	239	8	7
357	239	9	6
357	239	9	6
357	239	10	6
357	239	9	6
357	239	9	7
357	239	9	6
357	239	8	7
357	239	8	7
357	239	9	7
357	239	9	7
357	239	9	7
357	239	9	7
357	239	9	7
357	239	9	7
357	239	9	7
357	239	9	7
357	239	9	7
357	239	9	7
357	239	9	7
357	239	9	7
357	239	9	7
357	239	9	7
357	239	9	7
357	239	9	7
357	239	9	7
357	239	9	7
358	239	8	6
357	239	9	7
357	239	9	6
357	239	9	6
357	239	9	6
357	239	10	7
357	239	10	7
357	239	10	7
357	239	10	7
357	239	10	7
366	247	9	7
366	247	9	7
366	247	9	7
364	251	11	7
364	251	11	7
364	251	11	7
364	251	11	7
364	251	11	7
364	251	11	7
364	251	11	7
364	251	11	7
364	251	11	7
364	251	11	7
364	251	11	7
364	251	11	7
364	251	11	7
364	251	11	7
364	251	11	7
364	251	11	7
364	251	11	7
364	251	11	7
364	251	11	7
364	251	11	7
364	251	11	7
364	251	11	7
364	251	11	7
364	251	11	7
364	251	11	7
364	251	11	7
364	251	11	7
375	258	12	6
375	258	12	6
375	258	12	6
375	258	12	6
375	258	12	6
375	258	12	6
374	258	13	7
374	258	13	6
374	258	12	6
374	258	13	6
375	258	12	6
374	258	13	6
375	258	12	6
375	258	12	6
375	258	12	6
375	258	12	6
375	258	12	6
375	258	12	7
374	258	12	6
374	258	13	7
374	258	13	7
374	258	12	7
374	258	12	6
375	258	12	6
375	258	11	6
375	258	12	6
375	258	12	6
375	258	12	6
374	258	13	6
374	258	12	6
375	258	12	6
375	258	12	6
375	258	12	6
375	258	12	6
374	258	13	6
374	258	12	6
374	258	13	6
374	258	13	7
374	258	13	6
374	258	12	7
374	257	11	7
374	257	11	7
374	257	11	7
374	257	11	7
374	257	11	7
375	257	11	8
375	258	11	7
375	258	12	7
