327	57	22	18
328	58	22	17
327	58	22	17
327	58	22	17
327	58	22	17
328	57	24	18
329	57	23	19
327	54	24	18
327	54	24	18
327	56	21	16
320	23	26	21
320	23	26	21
320	23	26	21
318	24	32	21
319	9	31	30
261	10	27	26
236	2	25	34
243	0	27	37
232	2	26	36
230	0	31	35
230	0	31	35
230	0	31	35
230	0	31	35
230	0	31	35
238	0	32	34
238	0	32	34
229	1	32	34
229	0	33	33
239	0	34	35
229	1	32	32
239	1	27	34
238	4	24	30
239	5	20	31
238	5	21	28
237	5	21	28
237	5	22	27
237	5	24	28
237	5	21	28
237	3	25	29
235	3	25	33
231	1	30	36
229	0	36	34
239	0	33	35
239	0	28	36
238	1	29	36
244	0	32	33
244	9	30	28
288	24	32	19
243	2	29	29
242	0	30	28
242	6	31	26
320	58	16	16
328	58	22	17
327	58	22	17
327	58	22	17
327	58	22	17
327	58	22	17
327	58	22	17
327	58	22	18
327	58	22	17
327	57	22	18
327	58	22	18
327	58	22	18
327	58	22	18
327	58	22	18
329	60	21	17
329	55	22	22
336	77	34	44
328	57	25	21
327	58	22	18
327	58	22	18
327	58	22	18
335	75	33	47
335	75	33	47
325	57	23	20
305	51	29	20
325	54	23	20
325	54	23	20
335	66	35	56
335	66	35	56
248	11	33	28
241	1	30	27
241	1	30	27
243	11	32	24
239	6	30	26
241	3	32	29
320	57	17	16
326	57	23	18
326	57	23	18
326	57	22	18
326	57	23	18
326	57	23	18
326	57	22	18
326	57	22	18
327	57	22	18
327	57	22	18
327	57	22	18
326	57	22	18
326	57	22	18
326	57	23	18
326	57	22	18
326	57	22	17
326	57	22	17
325	57	23	16
327	56	22	15
327	55	24	18
326	57	20	17
327	57	21	17
327	57	22	17
327	57	21	17
326	57	22	17
327	57	22	18
326	57	22	17
326	57	21	17
326	57	21	17
327	57	21	17
325	55	21	18
326	57	20	18
327	57	21	17
327	56	21	17
326	57	19	16
325	57	19	16
325	57	17	17
324	56	16	17
324	55	15	19
323	55	15	19
323	55	15	19
322	53	14	18
322	53	14	18
322	53	14	18
323	57	14	17
323	57	14	17
323	57	14	17
323	57	15	18
323	57	15	18
323	53	15	21
323	56	15	18
323	57	15	17
323	58	15	17
322	57	16	17
322	56	15	18
322	56	15	18
352	56	26	20
318	56	19	20
324	54	16	20
350	48	29	30
324	55	18	22
323	56	16	19
322	55	16	18
323	58	16	16
325	57	16	16
325	57	19	17
326	57	20	16
326	57	20	17
326	58	20	16
326	57	18	17
326	58	19	17
327	56	26	21
328	56	26	21
328	56	26	22
328	54	25	20
325	55	21	18
326	56	24	19
328	55	24	20
327	56	25	19
329	55	24	20
328	55	25	20
328	55	25	21
327	56	24	19
328	55	24	19
326	55	20	19
326	55	20	19
325	56	21	21
325	56	21	21
327	56	22	18
328	55	23	17
327	55	25	19
328	55	24	19
326	56	20	19
346	27	21	17
346	27	21	17
331	54	22	21
329	55	22	22
328	55	22	22
328	55	22	22
329	55	23	22
329	55	23	22
329	55	23	22
327	54	22	22
327	54	21	22
323	54	17	19
323	55	17	19
342	59	25	15
325	55	23	18
328	55	24	18
328	54	24	18
327	54	25	17
328	54	24	17
327	55	26	18
327	55	26	17
328	55	24	17
327	55	25	17
326	55	25	18
328	54	24	17
327	54	25	16
327	54	25	16
326	55	25	15
325	54	25	17
326	56	22	16
326	56	21	16
327	57	21	16
326	58	20	15
325	57	19	15
325	56	17	16
325	57	16	16
324	54	14	17
323	57	13	15
323	53	13	16
323	53	13	18
322	53	14	18
322	53	14	19
322	53	14	19
323	55	13	17
322	56	13	18
322	58	15	17
322	57	15	18
323	58	14	19
322	55	14	18
322	57	15	20
322	57	15	20
344	57	33	31
320	53	16	25
324	56	14	21
323	58	15	19
323	58	15	19
347	56	26	20
324	58	18	16
324	56	17	15
326	56	21	16
325	56	21	17
328	56	24	17
328	54	25	19
330	56	23	18
326	56	22	18
325	56	22	17
328	56	23	18
327	55	24	18
324	56	19	17
325	54	19	20
331	49	24	15
326	54	22	16
326	54	22	18
327	55	21	17
323	56	19	17
323	57	18	17
324	54	19	18
326	56	22	16
328	56	22	18
329	56	22	18
327	56	23	18
328	56	23	18
328	55	24	19
329	55	23	19
327	56	25	18
328	55	24	19
327	55	24	18
329	55	23	19
327	55	25	18
327	56	24	18
326	55	25	18
328	55	23	18
327	55	25	18
326	55	25	17
328	56	23	18
326	55	24	17
324	55	19	17
326	56	19	16
325	57	18	15
324	57	16	15
324	57	14	15
323	54	14	17
323	55	13	17
322	57	14	16
322	52	14	20
322	54	14	18
324	55	14	18
322	57	16	17
325	59	16	18
323	56	15	18
322	59	15	17
322	60	15	15
322	60	15	19
321	57	16	18
324	58	15	18
323	56	15	18
322	59	16	17
322	55	14	19
321	51	15	20
324	51	19	20
327	57	19	19
329	56	24	19
327	56	21	17
328	55	20	17
327	54	23	16
327	54	23	16
328	53	24	18
329	53	21	19
328	56	22	18
327	53	22	19
326	53	20	18
325	56	17	17
326	54	20	19
327	54	21	17
328	54	22	16
327	56	23	17
325	52	19	18
325	54	22	17
327	52	22	12
324	55	21	18
325	54	23	17
327	53	24	17
328	50	22	13
328	50	22	13
364	67	18	18
388	64	28	23
388	64	28	23
388	64	28	23
339	53	18	17
328	55	22	16
328	55	21	17
328	55	21	16
328	56	21	16
328	55	21	16
329	56	21	17
328	55	21	17
328	55	21	16
328	56	22	17
328	55	21	16
328	56	22	17
328	55	22	16
329	56	21	16
328	54	21	19
329	55	21	15
329	56	21	16
329	56	22	16
328	56	24	19
328	55	21	16
327	54	22	16
327	55	23	16
328	55	21	16
328	56	22	17
329	56	22	17
329	55	23	17
329	55	22	18
329	55	21	18
329	55	21	19
329	55	21	17
329	55	21	16
329	56	21	15
329	56	21	15
329	56	21	16
329	56	21	16
328	56	22	17
328	55	21	16
329	56	21	16
328	55	21	15
328	55	22	16
329	55	21	15
328	55	22	16
328	56	22	17
328	54	21	16
329	55	22	17
329	55	22	16
329	56	22	16
329	55	21	16
328	56	21	16
328	55	21	16
329	55	22	15
328	55	22	16
329	56	21	15
329	56	21	15
328	56	22	15
328	55	23	16
328	55	23	15
328	55	23	15
328	56	23	14
328	56	23	15
328	56	22	15
328	56	22	16
328	56	22	16
328	55	22	16
329	56	21	16
329	56	21	16
328	56	21	16
328	56	22	18
328	55	21	16
328	56	22	16
328	55	22	15
328	55	22	15
328	56	22	17
329	55	23	14
328	54	22	16
326	53	22	14
327	55	22	13
326	56	22	16
326	54	20	17
325	54	19	19
327	54	23	18
327	51	22	15
322	50	15	19
314	56	22	19
315	38	19	21
319	54	18	18
321	45	15	16
320	45	16	16
320	48	16	21
323	51	15	18
323	57	15	17
324	53	15	17
323	47	17	22
324	48	17	20
324	46	18	21
323	48	17	19
323	47	18	18
324	48	17	19
324	49	17	20
324	49	17	20
325	55	16	18
325	55	16	18
325	50	17	22
325	51	16	21
325	51	16	21
324	52	17	19
325	52	17	19
325	51	17	20
326	52	17	19
326	55	15	18
324	51	17	16
326	54	22	16
324	53	22	19
327	55	23	17
326	54	23	17
326	54	25	17
326	54	25	17
327	54	24	18
326	55	26	20
326	54	23	18
326	54	22	17
327	55	22	17
326	54	24	18
326	51	22	14
327	55	22	17
323	53	20	17
327	56	23	16
327	56	23	16
326	55	23	16
326	55	23	15
325	54	24	16
324	54	19	17
351	67	27	15
351	64	26	20
326	41	24	21
327	53	22	16
327	51	22	12
326	50	24	14
324	52	20	13
326	56	22	16
326	54	23	15
328	56	22	15
321	44	17	17
318	54	18	18
318	54	18	18
300	49	22	16
300	49	22	16
300	49	22	16
273	31	24	21
302	50	30	22
302	50	30	22
302	50	30	22
324	52	23	24
325	52	22	13
326	54	22	13
327	55	21	15
326	55	22	16
326	52	21	11
327	56	22	16
327	54	18	17
328	54	24	16
327	55	23	16
324	51	20	17
324	52	19	15
323	55	18	15
326	54	21	15
326	49	24	15
326	50	24	14
331	36	24	17
350	79	32	20
350	79	32	20
350	79	32	20
350	79	32	20
350	79	32	20
336	65	33	32
336	71	32	22
336	71	32	22
335	68	28	25
338	85	26	20
331	56	26	24
337	65	24	21
336	66	24	20
336	65	24	20
334	62	25	21
334	64	26	19
334	65	25	19
334	66	24	18
334	64	24	20
334	64	23	19
337	70	24	17
342	74	26	18
341	72	28	16
317	55	17	17
333	26	21	17
324	59	16	17
326	47	21	16
323	55	17	15
324	53	17	15
325	42	25	18
325	53	24	14
323	54	19	16
323	54	19	16
330	57	22	19
327	56	22	18
327	56	22	17
327	56	22	17
343	65	33	22
339	64	38	22
325	32	27	16
339	67	39	28
337	67	41	34
334	66	42	36
263	13	23	25
242	10	29	21
242	10	29	21
244	8	28	22
244	8	28	22
244	8	28	22
244	8	28	22
244	8	28	22
319	52	18	22
358	71	23	23
327	56	22	16
328	55	22	17
327	56	23	17
324	53	20	16
328	52	22	13
325	53	22	13
325	54	21	14
325	54	21	14
370	70	24	23
370	70	24	23
370	70	24	23
328	55	20	22
323	51	16	18
324	52	20	18
327	55	20	17
326	53	21	18
351	71	31	20
322	51	16	19
336	71	17	21
323	57	14	15
323	57	14	15
350	71	28	20
322	55	16	17
351	70	23	20
351	70	23	20
323	58	16	18
323	55	15	16
323	55	15	16
341	48	26	19
340	50	30	27
338	51	42	34
337	53	42	36
336	53	45	37
337	55	45	30
340	55	39	30
338	56	34	34
338	57	39	32
332	59	33	28
335	61	30	27
336	60	35	31
337	61	30	30
336	64	30	27
336	65	29	26
335	63	34	23
335	62	29	19
337	64	34	26
319	56	16	18
319	56	16	18
319	56	16	18
322	36	27	23
345	79	30	21
323	54	23	19
360	36	33	15
360	36	33	15
326	48	24	18
338	54	23	19
327	55	20	15
327	56	22	16
352	69	24	21
325	49	24	15
341	74	36	18
324	52	21	18
338	77	37	16
324	54	21	21
338	76	34	16
322	55	17	19
341	68	35	22
301	47	23	23
301	47	23	23
244	5	27	24
241	7	30	25
241	8	31	26
243	8	29	24
243	8	29	24
243	8	30	26
244	11	28	23
244	11	28	23
244	9	29	23
244	9	29	23
323	52	19	28
321	57	17	18
