307	215	20	41
307	214	19	42
307	213	19	42
307	214	19	42
307	214	19	42
307	213	19	43
307	213	19	43
307	214	19	43
307	213	19	42
307	214	19	42
307	213	19	43
307	213	19	43
307	213	19	43
307	213	19	43
307	213	19	43
307	213	19	43
307	213	19	42
307	213	19	42
307	213	19	42
307	214	19	42
307	213	19	43
307	213	19	43
307	214	19	43
307	213	19	43
307	214	19	43
307	213	19	43
307	213	19	43
307	213	19	43
307	213	19	43
307	214	19	42
307	213	19	42
307	213	19	43
307	213	19	43
307	213	19	43
307	213	19	42
307	213	19	42
307	213	19	43
307	213	19	42
307	213	19	43
307	214	19	43
307	213	19	44
307	214	19	42
307	213	19	43
307	213	19	43
307	213	19	42
307	213	19	43
307	213	19	43
307	213	19	43
307	213	19	43
307	213	19	43
307	213	19	42
307	214	19	42
307	213	19	42
307	214	19	43
307	213	19	43
307	213	19	43
307	213	19	43
307	214	19	42
307	214	19	42
307	213	19	43
307	213	19	43
307	213	19	42
307	213	19	43
307	213	19	43
307	214	19	42
307	213	19	42
307	213	19	42
307	214	19	43
307	213	19	43
307	213	19	42
307	213	19	42
307	213	19	43
307	213	19	43
307	213	19	42
307	213	19	43
307	213	18	42
307	213	19	42
307	213	19	42
307	214	19	42
307	213	19	42
307	213	19	42
307	213	19	42
307	213	19	43
307	214	19	43
307	213	19	44
307	213	19	43
307	213	19	43
307	213	19	43
307	214	19	42
307	213	19	42
307	213	19	43
307	213	19	42
307	213	19	42
307	214	19	43
307	213	19	42
307	213	19	43
307	213	19	43
307	213	19	42
307	214	19	42
307	213	19	42
307	214	19	42
307	213	19	43
307	213	19	43
307	213	19	43
307	214	19	43
307	213	19	42
307	213	19	43
307	213	19	43
307	213	19	43
307	213	19	43
307	213	19	43
307	213	19	43
307	213	19	43
307	213	19	43
307	214	19	42
307	213	19	43
307	213	19	43
307	213	19	43
307	214	19	42
307	214	19	42
307	213	19	42
307	214	19	42
307	213	19	43
307	213	19	43
307	213	19	43
307	213	19	43
307	213	19	42
307	214	19	42
307	213	19	42
307	214	19	42
307	213	19	42
307	214	19	42
307	213	19	43
307	213	19	43
307	213	19	42
307	214	19	42
307	213	19	42
307	214	19	42
307	214	19	42
307	213	19	43
307	214	19	42
307	213	19	42
307	214	19	42
307	213	19	43
307	214	19	42
307	213	19	42
307	213	19	43
307	214	19	42
307	213	19	43
307	213	19	43
307	213	19	43
307	214	19	42
307	213	19	43
307	214	19	43
307	213	19	42
307	214	19	42
307	214	19	42
307	213	19	42
307	214	19	42
307	213	19	42
307	213	19	42
307	213	19	42
307	213	19	43
307	213	19	43
307	214	19	42
307	213	19	42
307	213	19	42
307	213	19	42
307	213	19	42
307	214	19	42
307	213	19	42
307	214	19	42
307	213	19	42
307	213	19	43
307	213	19	43
307	214	19	43
307	213	19	42
307	213	19	42
307	214	19	42
307	214	19	42
307	213	19	42
307	214	19	42
307	214	19	42
307	213	19	42
307	213	19	42
307	214	19	42
307	213	19	43
307	214	19	43
307	213	19	43
307	213	19	42
307	214	19	42
307	213	19	42
307	213	19	42
307	214	19	42
307	213	19	42
307	214	19	42
307	213	19	42
307	214	19	42
307	214	19	42
307	214	19	42
307	213	19	42
307	213	19	42
307	214	19	42
307	214	19	42
307	214	19	42
307	213	19	42
307	213	19	42
307	214	19	42
307	213	19	42
307	213	19	42
307	214	19	42
307	213	19	42
307	214	19	42
307	214	19	42
307	213	19	42
307	214	19	42
307	213	19	42
307	211	19	45
307	214	19	43
307	213	19	42
307	214	19	42
306	213	19	42
307	214	19	42
307	213	19	42
307	213	19	42
307	213	19	42
307	214	19	42
307	213	19	42
307	213	19	42
307	213	19	42
