604	346	19	34
604	345	18	36
604	345	18	35
604	346	18	34
604	345	18	35
604	346	18	34
603	346	18	35
604	345	18	35
604	346	18	34
604	345	18	36
604	346	18	35
604	345	18	35
604	346	18	36
604	346	18	35
604	346	18	36
604	346	19	35
604	346	18	35
604	345	19	36
604	345	18	36
604	346	18	36
604	345	18	36
604	345	19	36
604	346	18	36
604	346	19	35
604	346	19	35
604	346	18	35
604	346	18	36
604	346	18	35
604	346	19	36
604	345	18	35
603	345	19	35
604	346	18	35
604	346	18	35
604	346	19	35
604	346	18	35
604	345	19	36
604	345	18	36
604	346	18	35
604	345	18	35
604	346	18	35
604	345	18	35
604	345	18	35
604	345	18	35
604	345	18	36
604	345	18	35
604	345	18	35
604	346	18	35
604	346	18	35
604	346	18	35
604	346	18	35
604	345	18	35
604	346	18	35
604	345	18	35
603	346	19	35
604	346	18	35
604	346	18	34
604	346	18	35
604	346	18	35
604	346	18	35
604	345	18	36
604	345	18	35
604	345	18	35
604	346	18	35
604	345	18	35
604	345	18	35
604	346	18	34
604	345	18	34
604	345	18	35
604	346	18	34
604	345	18	34
604	345	18	35
604	345	18	36
604	346	18	35
605	346	18	34
604	346	18	34
603	345	18	34
604	346	18	34
604	345	18	34
604	345	18	35
604	345	18	35
604	346	18	35
604	346	18	35
603	345	18	35
604	345	18	34
604	345	18	35
604	346	18	35
603	346	19	34
604	346	18	35
604	345	18	35
604	345	18	34
604	345	18	35
604	346	18	35
605	346	18	33
604	345	19	35
604	346	18	35
604	345	18	36
604	346	18	35
604	345	18	35
604	345	18	35
604	345	18	35
604	345	18	35
604	345	18	35
604	345	18	35
604	346	18	35
604	346	18	35
604	345	18	35
604	345	18	35
604	345	18	35
604	345	18	35
604	345	18	35
604	345	18	35
604	345	17	34
604	345	18	34
604	346	18	34
604	346	18	35
604	346	18	34
603	346	18	35
604	346	18	35
604	345	18	36
604	346	18	35
604	345	18	36
604	346	18	35
603	346	19	35
604	346	19	35
604	345	18	35
604	346	18	35
604	345	18	35
604	346	18	35
603	345	19	35
604	346	18	34
603	346	19	35
604	346	19	36
604	346	18	35
604	345	18	35
604	346	19	35
604	346	19	36
603	345	21	36
604	348	19	34
604	345	18	35
602	346	19	35
603	346	19	35
604	346	19	34
603	345	19	34
603	345	19	35
603	345	19	35
604	346	19	34
604	346	19	35
604	345	19	35
604	346	19	35
604	345	18	35
604	345	18	35
604	345	19	35
604	345	18	35
604	345	18	36
604	346	18	35
604	345	18	36
604	345	18	35
604	346	18	35
604	345	19	36
604	345	19	36
604	345	19	36
603	345	19	36
604	345	19	35
603	345	19	36
604	346	19	35
603	345	18	36
604	345	19	36
604	345	19	35
603	345	19	35
604	346	19	34
604	346	18	35
603	345	19	36
604	346	19	35
603	346	19	34
603	345	19	35
603	345	19	35
603	345	19	35
603	345	19	35
604	345	19	36
604	345	18	35
604	345	19	36
604	346	18	35
604	345	18	35
604	345	18	35
604	346	18	34
604	345	18	35
604	345	18	35
604	345	18	34
604	345	18	34
604	345	18	35
604	345	18	35
604	345	18	35
604	345	18	35
604	345	18	35
604	345	18	35
604	346	18	35
604	345	18	36
604	345	18	36
604	345	19	35
604	346	18	35
604	345	18	35
604	345	19	36
604	345	19	35
604	345	18	36
604	345	18	36
604	345	18	35
604	345	18	36
603	345	19	36
603	345	19	36
604	345	19	36
604	345	18	35
604	345	18	36
604	345	19	35
603	345	19	36
604	345	19	35
604	345	18	35
604	345	18	35
604	345	19	36
604	345	18	36
604	345	19	36
604	345	19	36
604	345	19	36
604	345	19	36
604	345	19	36
604	345	19	36
603	345	19	36
603	345	19	36
603	345	19	36
604	345	19	36
604	345	18	35
605	345	18	35
605	345	18	34
604	345	18	35
605	345	18	34
604	345	18	34
605	346	18	34
604	345	18	34
604	345	19	35
604	345	18	34
604	345	18	35
604	345	18	34
604	346	19	34
604	346	18	35
604	345	19	35
604	346	19	35
604	345	18	35
604	345	18	34
604	345	18	36
604	345	19	35
604	345	19	36
604	345	19	35
604	345	19	35
604	345	18	35
604	345	18	35
603	345	19	36
604	346	19	35
603	345	19	35
604	346	19	36
601	340	25	31
610	349	27	29
583	294	33	31
583	294	33	31
583	294	33	31
476	356	34	47
465	333	27	16
465	333	27	16
466	331	20	19
502	312	14	13
502	312	14	13
467	332	22	23
468	332	18	12
502	312	13	12
502	312	13	12
502	312	12	12
502	312	12	12
502	312	12	12
503	312	11	10
503	312	11	10
503	312	12	11
503	312	11	10
503	312	11	10
503	312	11	10
503	312	11	10
473	331	24	33
466	331	22	15
502	312	12	13
502	312	12	13
466	331	23	11
502	312	13	12
502	312	13	12
467	331	23	11
502	312	13	11
502	312	13	11
502	312	12	12
503	312	11	10
479	328	16	24
468	332	19	12
503	312	13	11
503	312	13	11
502	312	12	11
503	312	11	10
503	312	11	10
502	312	12	11
502	312	12	11
502	312	12	11
502	312	12	11
502	312	12	11
502	312	12	11
502	312	12	11
502	312	12	11
502	312	12	11
502	312	13	13
502	312	12	10
477	328	18	28
477	328	18	28
467	331	20	13
502	312	14	11
502	312	14	11
465	332	25	17
503	311	12	13
503	311	12	13
503	311	12	13
466	332	24	29
467	332	20	13
502	311	14	11
502	311	14	11
467	332	21	15
502	312	12	13
503	312	12	10
503	312	12	10
502	312	13	12
503	312	12	10
503	312	12	10
503	312	12	10
503	312	12	10
503	312	12	10
503	312	12	10
503	312	12	10
503	312	12	10
503	312	12	10
503	312	12	10
503	312	12	10
503	312	12	10
502	312	12	12
474	330	21	32
467	332	22	14
502	312	13	12
503	312	11	10
503	312	11	10
502	312	12	11
502	312	12	11
503	312	12	12
503	312	12	12
503	312	12	12
503	312	12	12
503	312	12	11
503	312	12	11
502	312	12	11
476	330	19	28
467	332	18	12
502	312	13	11
502	312	13	11
502	312	12	11
474	328	23	32
501	312	15	16
