604	346	19	34
604	346	19	33
604	346	19	33
604	346	19	33
604	346	19	34
604	346	18	33
604	346	19	33
604	346	18	34
604	346	18	33
604	346	18	34
604	346	18	34
604	346	18	33
604	346	18	33
604	346	18	33
604	346	18	33
604	346	18	33
604	346	19	33
604	346	19	33
604	346	18	33
604	346	18	33
604	346	19	34
604	346	18	34
604	345	19	34
604	346	19	34
604	346	19	34
604	346	19	33
604	346	19	33
604	346	19	34
604	347	19	33
604	346	19	33
603	347	19	33
604	347	19	33
604	346	19	33
604	347	19	33
604	347	19	33
604	346	19	34
604	346	19	33
604	346	19	33
604	346	19	33
603	346	19	33
604	346	19	33
604	346	19	33
604	346	19	33
604	346	19	33
604	346	19	33
604	346	19	33
604	346	19	34
604	347	19	33
604	347	19	32
604	346	19	33
604	346	18	33
603	346	19	34
604	346	19	33
604	347	19	33
604	347	18	33
604	346	18	33
604	346	18	33
604	346	19	33
604	346	19	33
604	346	19	33
604	346	19	33
604	346	19	33
604	346	19	33
604	347	19	32
604	347	19	33
603	347	19	33
603	347	19	33
604	347	19	33
604	346	19	32
604	347	19	32
604	346	19	32
603	346	19	33
603	346	19	32
604	346	19	33
604	346	19	33
604	346	19	32
603	346	19	32
603	346	19	33
603	346	19	33
604	346	19	33
604	346	19	33
603	346	19	33
603	346	19	32
603	346	19	32
604	346	19	33
603	347	19	33
603	346	19	33
604	346	19	33
603	346	19	33
603	346	19	33
604	346	19	33
603	346	19	33
604	346	19	33
604	346	19	34
603	346	19	33
603	346	19	33
603	346	19	34
604	346	19	33
603	346	19	33
604	346	19	33
604	346	19	33
604	346	19	33
604	346	19	33
604	346	19	33
604	347	19	32
604	346	19	33
604	346	19	32
604	346	19	33
604	346	19	33
604	347	19	33
604	347	18	32
604	347	18	32
604	347	19	32
604	347	19	32
603	347	19	33
604	347	18	32
604	346	19	33
604	346	19	33
603	346	19	34
604	347	19	33
604	347	19	33
604	347	18	33
604	346	19	33
604	346	19	33
604	346	19	33
604	346	19	34
604	346	19	34
604	346	19	34
604	346	19	33
604	346	19	33
604	346	19	33
603	346	19	34
604	346	19	33
603	346	19	33
604	346	19	33
603	347	20	32
604	347	19	32
603	346	20	34
604	346	19	33
603	346	20	33
604	347	19	33
603	346	19	33
604	346	19	33
603	346	19	33
604	346	19	33
603	346	19	33
604	346	19	33
603	346	19	33
603	346	19	33
604	346	19	33
603	346	19	33
604	346	19	33
604	346	19	34
604	346	18	33
604	346	19	33
604	346	19	33
604	346	19	33
604	346	19	33
604	346	19	33
604	346	19	33
604	346	19	33
603	346	19	34
604	346	19	33
603	346	19	33
603	346	19	33
603	346	19	33
604	346	19	33
603	346	19	33
603	347	19	33
603	346	19	33
603	346	19	33
603	346	19	34
604	346	19	34
603	346	19	33
603	345	19	34
604	345	19	34
603	346	19	34
604	345	19	34
603	346	19	34
604	346	19	33
604	346	19	34
604	346	18	33
604	346	19	33
604	346	19	33
604	346	19	33
604	346	19	34
604	346	19	33
604	346	19	32
604	346	19	32
604	346	19	33
603	345	19	34
603	346	19	33
604	346	19	33
603	346	19	33
603	345	19	33
604	346	19	33
604	346	19	34
604	346	19	33
604	346	19	33
604	346	19	32
604	346	19	33
604	346	19	33
604	346	19	33
604	346	19	33
604	346	19	33
604	346	19	33
604	346	19	33
604	346	19	33
604	346	19	33
604	346	19	34
604	346	19	34
604	346	19	33
604	346	19	34
604	346	19	34
604	346	19	33
604	346	19	33
603	346	19	33
604	346	19	33
604	346	19	33
604	346	19	33
603	346	19	33
604	346	19	33
604	346	19	33
603	346	19	33
603	346	19	34
603	346	19	33
604	346	19	33
604	346	19	33
604	346	19	33
604	346	19	33
604	345	19	34
604	346	19	33
604	346	20	33
604	346	19	33
604	347	19	32
604	346	19	32
604	346	19	32
604	346	19	33
604	346	19	33
604	347	19	32
604	347	19	32
603	346	20	33
604	346	19	34
604	346	19	33
604	346	19	34
604	346	19	34
604	345	19	34
604	346	18	33
604	346	19	34
604	345	19	34
604	346	19	34
604	346	19	33
604	346	19	33
604	346	19	33
603	346	19	34
603	346	19	34
603	346	19	34
604	345	19	35
603	342	35	34
614	355	26	26
614	355	26	26
614	355	26	26
614	355	26	26
614	355	26	26
614	355	26	26
614	355	26	26
614	355	26	26
614	355	26	26
614	355	26	26
614	355	26	26
614	355	26	26
614	355	26	26
614	355	26	26
614	355	26	26
614	355	26	26
614	355	26	26
614	355	26	26
614	355	26	26
614	355	26	26
614	355	26	26
614	355	26	26
623	351	17	32
626	357	14	27
626	357	14	27
626	357	14	27
626	357	14	27
626	357	14	27
624	355	15	28
624	355	15	28
624	355	15	28
624	355	15	28
624	355	15	28
624	355	15	28
624	355	15	28
624	355	15	28
624	355	15	28
624	355	15	28
624	355	15	28
624	355	15	28
624	355	15	28
624	355	15	28
611	355	19	26
611	355	19	26
611	355	19	26
611	355	19	26
611	355	19	26
611	355	19	26
611	355	19	26
610	353	20	27
610	353	20	27
610	353	20	27
610	353	20	27
610	353	20	27
610	353	20	27
610	353	20	27
610	353	20	27
610	353	20	27
618	352	21	31
610	351	22	30
610	351	22	30
622	350	18	32
612	351	21	31
612	351	21	31
622	351	17	32
625	354	15	29
615	353	19	28
613	353	20	30
613	353	20	30
611	351	21	30
611	351	21	30
623	352	17	31
623	352	17	31
611	351	21	30
611	351	21	31
611	350	21	31
610	350	21	31
617	351	22	31
617	351	22	31
610	351	22	31
610	351	22	30
618	352	21	31
611	352	21	30
618	352	21	31
618	352	21	31
608	348	22	33
608	348	22	33
608	348	22	33
608	348	22	33
608	348	22	33
608	348	22	33
608	348	22	33
608	348	22	33
608	348	22	33
608	348	22	33
608	348	22	33
608	348	22	33
522	377	30	18
523	378	28	17
524	378	27	15
523	378	28	14
523	378	22	14
524	379	21	12
524	379	21	11
524	380	20	10
524	380	21	10
