-1	-1	-1	-1
-1	-1	-1	-1
-1	-1	-1	-1
-1	-1	-1	-1
-1	-1	-1	-1
-1	-1	-1	-1
-1	-1	-1	-1
-1	-1	-1	-1
-1	-1	-1	-1
-1	-1	-1	-1
-1	-1	-1	-1
-1	-1	-1	-1
-1	-1	-1	-1
-1	-1	-1	-1
-1	-1	-1	-1
-1	-1	-1	-1
-1	-1	-1	-1
-1	-1	-1	-1
-1	-1	-1	-1
-1	-1	-1	-1
-1	-1	-1	-1
-1	-1	-1	-1
-1	-1	-1	-1
-1	-1	-1	-1
-1	-1	-1	-1
-1	-1	-1	-1
-1	-1	-1	-1
-1	-1	-1	-1
-1	-1	-1	-1
-1	-1	-1	-1
-1	-1	-1	-1
-1	-1	-1	-1
-1	-1	-1	-1
-1	-1	-1	-1
-1	-1	-1	-1
-1	-1	-1	-1
-1	-1	-1	-1
-1	-1	-1	-1
-1	-1	-1	-1
-1	-1	-1	-1
-1	-1	-1	-1
-1	-1	-1	-1
-1	-1	-1	-1
-1	-1	-1	-1
-1	-1	-1	-1
-1	-1	-1	-1
-1	-1	-1	-1
-1	-1	-1	-1
-1	-1	-1	-1
-1	-1	-1	-1
-1	-1	-1	-1
-1	-1	-1	-1
-1	-1	-1	-1
-1	-1	-1	-1
-1	-1	-1	-1
-1	-1	-1	-1
-1	-1	-1	-1
-1	-1	-1	-1
-1	-1	-1	-1
-1	-1	-1	-1
-1	-1	-1	-1
-1	-1	-1	-1
-1	-1	-1	-1
-1	-1	-1	-1
-1	-1	-1	-1
-1	-1	-1	-1
-1	-1	-1	-1
-1	-1	-1	-1
-1	-1	-1	-1
-1	-1	-1	-1
-1	-1	-1	-1
-1	-1	-1	-1
-1	-1	-1	-1
-1	-1	-1	-1
-1	-1	-1	-1
-1	-1	-1	-1
-1	-1	-1	-1
-1	-1	-1	-1
-1	-1	-1	-1
-1	-1	-1	-1
-1	-1	-1	-1
-1	-1	-1	-1
-1	-1	-1	-1
-1	-1	-1	-1
-1	-1	-1	-1
-1	-1	-1	-1
-1	-1	-1	-1
-1	-1	-1	-1
-1	-1	-1	-1
-1	-1	-1	-1
-1	-1	-1	-1
-1	-1	-1	-1
-1	-1	-1	-1
-1	-1	-1	-1
-1	-1	-1	-1
-1	-1	-1	-1
-1	-1	-1	-1
-1	-1	-1	-1
-1	-1	-1	-1
-1	-1	-1	-1
-1	-1	-1	-1
-1	-1	-1	-1
-1	-1	-1	-1
-1	-1	-1	-1
-1	-1	-1	-1
-1	-1	-1	-1
-1	-1	-1	-1
-1	-1	-1	-1
-1	-1	-1	-1
-1	-1	-1	-1
-1	-1	-1	-1
-1	-1	-1	-1
-1	-1	-1	-1
-1	-1	-1	-1
-1	-1	-1	-1
-1	-1	-1	-1
-1	-1	-1	-1
-1	-1	-1	-1
-1	-1	-1	-1
-1	-1	-1	-1
-1	-1	-1	-1
-1	-1	-1	-1
-1	-1	-1	-1
-1	-1	-1	-1
-1	-1	-1	-1
-1	-1	-1	-1
-1	-1	-1	-1
-1	-1	-1	-1
-1	-1	-1	-1
-1	-1	-1	-1
-1	-1	-1	-1
-1	-1	-1	-1
-1	-1	-1	-1
-1	-1	-1	-1
-1	-1	-1	-1
-1	-1	-1	-1
-1	-1	-1	-1
-1	-1	-1	-1
-1	-1	-1	-1
-1	-1	-1	-1
-1	-1	-1	-1
-1	-1	-1	-1
-1	-1	-1	-1
-1	-1	-1	-1
-1	-1	-1	-1
-1	-1	-1	-1
-1	-1	-1	-1
-1	-1	-1	-1
-1	-1	-1	-1
-1	-1	-1	-1
-1	-1	-1	-1
-1	-1	-1	-1
-1	-1	-1	-1
-1	-1	-1	-1
-1	-1	-1	-1
-1	-1	-1	-1
-1	-1	-1	-1
-1	-1	-1	-1
-1	-1	-1	-1
-1	-1	-1	-1
-1	-1	-1	-1
-1	-1	-1	-1
-1	-1	-1	-1
-1	-1	-1	-1
-1	-1	-1	-1
-1	-1	-1	-1
-1	-1	-1	-1
-1	-1	-1	-1
-1	-1	-1	-1
-1	-1	-1	-1
-1	-1	-1	-1
-1	-1	-1	-1
-1	-1	-1	-1
-1	-1	-1	-1
-1	-1	-1	-1
-1	-1	-1	-1
-1	-1	-1	-1
-1	-1	-1	-1
-1	-1	-1	-1
-1	-1	-1	-1
-1	-1	-1	-1
-1	-1	-1	-1
-1	-1	-1	-1
-1	-1	-1	-1
-1	-1	-1	-1
-1	-1	-1	-1
-1	-1	-1	-1
-1	-1	-1	-1
-1	-1	-1	-1
-1	-1	-1	-1
-1	-1	-1	-1
-1	-1	-1	-1
-1	-1	-1	-1
-1	-1	-1	-1
-1	-1	-1	-1
-1	-1	-1	-1
-1	-1	-1	-1
-1	-1	-1	-1
-1	-1	-1	-1
-1	-1	-1	-1
-1	-1	-1	-1
-1	-1	-1	-1
-1	-1	-1	-1
-1	-1	-1	-1
-1	-1	-1	-1
-1	-1	-1	-1
-1	-1	-1	-1
-1	-1	-1	-1
-1	-1	-1	-1
-1	-1	-1	-1
-1	-1	-1	-1
-1	-1	-1	-1
-1	-1	-1	-1
-1	-1	-1	-1
-1	-1	-1	-1
-1	-1	-1	-1
-1	-1	-1	-1
-1	-1	-1	-1
-1	-1	-1	-1
-1	-1	-1	-1
-1	-1	-1	-1
-1	-1	-1	-1
-1	-1	-1	-1
-1	-1	-1	-1
-1	-1	-1	-1
-1	-1	-1	-1
-1	-1	-1	-1
-1	-1	-1	-1
-1	-1	-1	-1
-1	-1	-1	-1
-1	-1	-1	-1
-1	-1	-1	-1
-1	-1	-1	-1
-1	-1	-1	-1
-1	-1	-1	-1
-1	-1	-1	-1
-1	-1	-1	-1
-1	-1	-1	-1
-1	-1	-1	-1
-1	-1	-1	-1
-1	-1	-1	-1
-1	-1	-1	-1
-1	-1	-1	-1
-1	-1	-1	-1
-1	-1	-1	-1
-1	-1	-1	-1
-1	-1	-1	-1
-1	-1	-1	-1
-1	-1	-1	-1
-1	-1	-1	-1
-1	-1	-1	-1
-1	-1	-1	-1
-1	-1	-1	-1
-1	-1	-1	-1
-1	-1	-1	-1
-1	-1	-1	-1
-1	-1	-1	-1
-1	-1	-1	-1
-1	-1	-1	-1
-1	-1	-1	-1
-1	-1	-1	-1
-1	-1	-1	-1
-1	-1	-1	-1
-1	-1	-1	-1
-1	-1	-1	-1
-1	-1	-1	-1
-1	-1	-1	-1
-1	-1	-1	-1
-1	-1	-1	-1
-1	-1	-1	-1
-1	-1	-1	-1
-1	-1	-1	-1
-1	-1	-1	-1
-1	-1	-1	-1
-1	-1	-1	-1
-1	-1	-1	-1
-1	-1	-1	-1
-1	-1	-1	-1
-1	-1	-1	-1
-1	-1	-1	-1
-1	-1	-1	-1
-1	-1	-1	-1
-1	-1	-1	-1
-1	-1	-1	-1
-1	-1	-1	-1
-1	-1	-1	-1
-1	-1	-1	-1
-1	-1	-1	-1
-1	-1	-1	-1
-1	-1	-1	-1
-1	-1	-1	-1
-1	-1	-1	-1
-1	-1	-1	-1
-1	-1	-1	-1
-1	-1	-1	-1
-1	-1	-1	-1
-1	-1	-1	-1
365	251	10	17
365	251	10	18
365	250	10	18
365	251	10	18
365	251	10	18
365	251	10	18
365	251	10	18
365	251	10	18
365	251	10	18
365	251	10	18
365	251	10	18
365	251	10	17
366	251	10	17
365	251	10	18
365	251	10	18
365	251	10	18
365	251	10	18
365	251	10	18
365	251	10	18
365	251	10	18
365	251	10	18
365	251	10	18
365	251	10	18
365	251	10	18
365	251	10	18
365	251	10	18
365	251	10	18
365	251	10	18
365	251	10	17
365	251	10	17
365	251	10	17
365	251	10	18
365	251	10	18
365	251	10	18
365	251	10	18
365	251	10	18
365	251	10	18
365	251	10	18
365	251	10	18
365	251	10	18
365	251	10	18
365	251	10	18
365	251	10	17
365	251	10	17
365	251	10	18
365	251	10	18
365	251	10	18
365	251	10	18
365	251	10	18
365	251	10	18
365	251	10	18
365	251	10	18
365	251	10	18
365	251	10	18
365	251	10	18
365	251	10	18
365	251	10	18
365	250	10	18
365	251	10	18
365	251	10	18
365	251	10	18
365	251	10	18
365	251	10	18
365	251	10	18
365	251	10	18
365	251	10	18
365	251	10	18
365	251	10	18
365	251	10	18
365	251	10	18
365	251	10	18
365	251	10	18
365	251	10	18
365	251	10	18
365	251	10	18
365	251	10	18
366	251	10	18
366	251	10	18
365	251	10	18
366	253	11	18
366	253	10	18
366	253	11	19
366	253	10	18
366	254	10	18
366	254	11	19
366	252	11	20
366	253	11	19
366	253	11	19
366	253	11	19
366	253	11	19
366	253	10	19
366	253	11	19
366	253	11	19
366	253	11	19
367	253	11	19
366	253	11	19
367	252	11	20
366	253	11	19
366	253	11	19
366	253	11	19
366	253	10	19
366	253	11	20
366	253	10	19
366	253	11	19
366	254	10	18
366	253	11	19
366	253	11	19
366	254	11	18
366	253	11	19
366	253	10	19
366	253	10	19
366	253	10	18
366	254	10	19
366	253	11	19
366	253	11	19
366	253	11	19
366	253	10	18
366	253	10	18
366	253	10	19
366	254	10	18
366	254	11	18
366	253	11	19
366	254	11	18
366	253	11	19
366	254	10	18
366	253	11	18
366	253	11	19
366	253	11	19
366	253	11	19
366	253	11	19
366	253	10	19
366	254	11	18
366	254	11	18
366	254	10	18
365	253	11	19
365	253	11	19
365	253	11	19
366	254	10	18
366	254	10	18
366	253	12	19
366	253	11	19
366	253	11	19
366	254	10	18
366	254	11	18
367	253	11	19
366	253	11	19
366	253	11	19
366	253	10	19
366	253	10	18
366	254	10	18
366	255	11	18
366	255	11	18
365	254	11	18
365	254	11	18
366	253	11	18
366	253	10	18
365	253	10	19
366	253	10	18
366	253	10	18
365	253	10	18
366	253	10	18
365	253	10	18
365	253	10	17
364	253	10	17
364	252	10	18
364	252	10	18
363	252	10	18
364	252	10	18
365	253	10	18
365	252	10	18
365	253	10	17
365	253	10	17
365	253	10	17
365	253	10	18
365	253	10	18
365	252	10	18
365	252	10	18
365	252	10	18
365	252	10	18
365	253	10	18
365	253	10	18
365	252	10	18
365	252	10	18
365	253	10	18
365	252	10	18
365	253	10	18
365	252	10	18
365	252	10	18
365	252	10	18
365	253	10	17
365	253	10	18
365	252	10	18
365	252	10	18
365	252	10	18
365	252	10	18
365	252	10	18
365	252	10	18
365	252	10	18
365	253	10	17
365	252	10	18
365	252	10	18
365	252	10	18
365	253	10	18
365	253	10	18
365	252	10	18
365	253	10	18
365	252	10	18
365	252	10	18
365	252	10	18
365	252	10	18
365	253	10	18
365	252	10	18
364	253	10	18
364	253	10	18
365	253	10	18
365	253	10	18
365	253	10	18
365	253	10	18
365	253	10	17
365	253	10	17
365	253	10	18
365	252	10	18
365	253	10	18
365	253	10	18
365	253	10	18
365	253	10	18
365	253	10	18
365	252	10	18
365	253	10	18
365	253	10	18
365	253	10	18
365	252	10	18
365	252	10	18
365	253	10	18
365	253	10	18
365	253	10	18
365	252	10	18
365	253	10	18
365	253	10	18
365	252	10	18
365	252	10	18
365	253	10	18
365	253	10	18
365	253	10	18
365	253	10	18
365	252	10	18
365	253	10	18
365	253	10	18
365	253	10	18
365	253	10	18
365	253	10	18
365	253	10	17
365	252	10	18
365	252	10	18
366	253	10	17
366	253	10	17
366	253	10	18
365	252	10	18
365	252	10	18
365	252	10	18
365	253	10	18
365	252	10	18
366	253	10	18
365	252	10	18
366	253	10	18
365	253	10	18
365	253	10	18
366	253	10	18
365	253	10	18
365	253	10	18
365	253	10	17
365	253	10	17
365	252	10	18
365	253	10	18
365	252	10	18
365	252	10	18
366	253	10	18
365	253	10	18
365	253	10	18
365	253	10	18
365	253	10	18
365	253	10	18
365	253	10	18
365	253	10	18
365	252	10	18
365	252	10	18
365	253	10	18
366	253	10	18
365	253	10	18
366	253	10	17
365	253	10	18
365	253	10	18
365	253	10	18
365	253	10	18
366	253	10	17
366	253	10	18
365	253	10	18
365	253	10	18
365	253	10	18
365	253	10	18
365	253	10	18
