369	250	13	14
369	250	13	14
369	250	13	14
369	250	13	13
369	250	13	13
369	250	13	13
369	250	13	13
369	250	14	14
369	250	13	13
369	250	14	13
369	250	13	13
369	250	13	13
369	250	14	13
369	250	13	13
369	250	14	14
369	250	13	13
369	250	13	13
369	250	14	13
369	250	13	13
369	250	14	13
369	250	13	13
369	250	14	13
369	250	13	13
369	250	13	13
369	250	13	13
369	250	14	13
369	250	13	13
369	250	14	14
369	250	13	13
369	250	13	13
369	250	13	13
369	250	13	13
369	250	13	14
369	250	13	13
369	250	13	13
369	250	13	14
369	250	13	14
369	250	13	14
369	250	13	14
369	250	14	13
369	250	14	13
369	250	14	14
369	250	14	14
369	250	14	14
369	250	14	14
369	250	14	14
369	250	14	14
369	251	14	14
369	250	14	14
369	250	14	14
369	250	14	14
369	250	14	14
369	250	14	14
369	250	14	13
369	250	14	14
369	250	14	13
369	250	14	13
369	250	14	13
369	250	14	13
369	250	14	13
369	250	14	13
369	250	14	14
369	250	14	14
369	250	14	13
369	250	14	14
369	250	14	14
369	250	14	14
369	250	14	13
369	250	14	13
369	250	14	13
369	250	14	14
369	250	14	13
369	250	14	13
369	250	14	13
369	250	14	14
369	250	14	13
369	250	14	13
369	250	14	13
369	250	14	13
369	250	14	13
369	250	14	14
369	250	14	14
369	250	14	14
369	250	14	14
369	250	14	13
369	250	14	13
369	250	14	13
369	250	14	14
369	250	14	14
369	250	14	14
369	250	14	14
369	250	14	14
369	250	14	13
369	250	14	14
369	250	14	13
369	251	14	14
369	251	14	14
369	250	14	13
369	250	14	14
369	250	14	14
369	250	14	14
369	250	14	14
369	250	14	14
369	250	14	14
369	250	14	14
369	250	14	13
369	250	14	13
369	250	14	14
369	250	14	14
369	250	14	13
369	250	14	14
369	250	14	14
369	250	14	14
369	250	14	14
369	250	14	14
369	250	14	14
369	250	14	13
369	250	14	14
369	250	14	13
369	250	14	14
369	250	14	13
369	250	14	14
369	250	14	14
369	250	14	14
369	251	14	14
369	251	14	14
369	251	14	14
369	251	13	15
368	251	14	15
369	252	14	13
369	258	14	10
368	255	13	12
368	254	14	14
373	257	15	12
373	258	15	12
373	258	15	12
374	258	14	10
374	258	14	11
373	258	14	11
374	258	14	11
374	258	14	10
374	258	14	10
374	258	14	10
374	258	14	10
374	258	14	10
374	258	14	10
374	259	14	10
374	259	14	10
374	258	14	10
374	259	14	10
374	258	14	10
374	258	14	10
374	259	14	10
375	259	13	10
374	258	14	10
374	258	14	10
374	258	13	10
374	258	14	10
374	259	14	10
374	258	14	10
374	258	14	10
374	258	14	10
374	258	14	10
374	258	14	10
374	259	14	10
374	258	14	10
374	258	14	10
374	259	14	10
374	259	14	10
374	259	14	10
374	258	14	10
374	259	14	10
374	259	14	10
374	258	14	10
374	259	14	10
374	258	14	10
374	258	13	10
375	258	13	10
374	258	14	10
374	258	14	10
374	258	14	10
374	258	14	10
374	259	14	10
374	258	13	10
374	258	14	10
374	259	14	10
374	258	14	10
374	259	14	10
374	258	14	10
374	258	14	10
374	258	14	10
374	259	14	10
374	259	14	10
374	258	14	10
375	259	14	10
375	259	13	10
374	259	14	10
375	259	13	10
374	258	14	10
374	258	14	10
374	258	14	10
373	258	14	10
373	257	15	12
369	255	16	13
369	252	13	14
368	258	12	10
368	278	16	10
369	254	13	13
384	274	15	10
383	273	17	10
383	273	17	11
373	257	13	12
373	258	14	12
373	257	15	12
374	258	14	11
374	258	14	11
374	258	13	11
374	258	14	11
374	258	14	11
374	258	14	10
374	258	14	11
374	258	14	10
374	258	14	11
374	258	14	11
374	258	14	11
374	258	14	10
374	258	14	10
374	258	14	10
374	258	14	10
374	258	14	10
374	258	14	11
374	258	14	10
374	258	14	11
374	258	14	10
363	252	13	11
374	258	13	11
364	252	12	11
374	258	13	10
374	258	14	10
374	258	14	10
374	258	14	10
374	258	14	10
374	258	14	10
374	258	14	10
374	259	14	10
374	258	14	10
374	258	14	10
364	252	12	11
374	258	14	11
374	258	14	10
374	258	14	10
375	258	13	10
374	258	14	10
374	258	14	10
374	258	14	10
374	259	14	10
374	258	14	10
374	258	14	10
374	258	14	10
374	258	14	10
374	258	14	10
374	258	14	11
374	258	14	11
374	258	14	10
374	258	14	10
374	258	14	10
374	258	14	10
374	258	14	10
374	258	14	10
374	258	14	10
374	258	14	10
374	258	14	10
364	252	12	11
374	258	14	10
374	258	14	10
374	259	14	10
374	258	14	11
373	258	14	11
373	258	13	10
363	252	13	12
368	254	12	13
383	273	17	11
384	274	16	10
384	273	15	10
363	252	14	14
365	252	12	13
372	257	15	12
