307	215	20	41
307	213	20	41
307	213	20	41
307	213	20	41
307	213	19	41
307	212	20	42
307	212	20	42
307	212	20	42
307	212	19	41
307	213	20	41
307	213	19	41
307	212	19	42
307	212	19	42
307	212	19	42
307	213	20	42
307	213	20	41
307	213	20	42
307	212	19	42
307	212	19	42
307	212	20	42
307	212	20	42
307	212	20	42
307	211	20	42
307	213	20	41
307	212	20	43
307	212	20	42
307	213	20	42
307	212	20	42
307	213	19	41
307	212	20	42
307	213	20	42
307	212	20	42
307	212	20	42
307	212	19	42
307	212	20	42
307	212	20	42
307	213	20	42
307	213	19	41
307	212	20	42
307	212	20	42
307	212	20	41
307	212	20	42
307	212	20	42
307	212	19	42
307	212	20	42
307	212	20	42
307	212	20	42
307	213	20	42
307	212	20	41
307	212	20	42
307	212	20	42
307	212	20	42
307	213	20	42
307	212	20	42
307	212	20	42
307	212	20	41
307	213	20	41
307	213	20	42
307	212	19	42
307	212	20	42
307	212	20	42
307	212	20	42
307	212	19	41
307	213	20	41
307	213	20	41
307	212	20	42
307	212	20	41
307	212	19	42
307	213	20	42
307	212	20	42
307	213	20	41
307	213	20	41
307	213	20	42
307	212	20	42
307	213	20	41
307	213	20	42
307	212	20	42
307	213	20	41
307	213	20	40
307	213	20	42
307	212	19	41
307	212	20	42
307	212	19	42
307	212	20	42
307	213	19	41
307	213	19	40
307	213	20	41
307	213	20	41
307	213	20	41
307	213	19	41
307	213	20	41
307	212	20	42
307	212	19	41
307	214	20	41
307	213	20	40
307	212	20	42
307	213	19	42
307	212	20	42
307	212	19	42
307	212	19	42
307	213	20	41
307	212	20	42
307	212	19	41
307	213	19	41
307	213	19	41
307	213	19	41
307	212	19	42
307	213	20	41
307	213	19	41
307	213	19	41
307	213	19	41
307	212	19	42
307	213	19	41
307	213	19	41
307	213	19	41
307	213	19	41
307	213	19	41
307	213	19	41
307	213	19	42
307	213	19	40
307	213	19	41
307	213	19	42
307	212	19	41
307	213	19	42
307	213	19	41
307	213	19	42
307	212	19	42
307	213	19	41
307	212	19	41
307	213	19	41
307	213	19	41
307	213	20	41
307	213	19	40
307	213	20	41
307	213	20	41
307	212	20	42
307	212	20	41
307	212	20	42
307	213	20	42
307	213	20	41
307	212	20	42
307	212	20	41
307	213	19	42
307	212	20	42
307	213	19	41
307	213	19	41
307	213	20	42
307	213	19	41
307	213	20	42
307	213	20	41
307	212	20	42
307	213	19	40
307	213	20	41
307	212	20	42
307	213	20	41
307	214	20	40
307	213	19	41
307	213	19	42
307	213	19	42
307	213	19	42
307	212	19	42
307	213	20	42
307	213	20	42
307	212	19	42
307	213	19	41
307	213	20	41
307	213	20	41
307	213	20	41
307	213	20	41
307	213	20	40
307	213	20	42
307	212	19	42
307	212	20	41
307	213	19	41
307	213	19	41
307	213	20	41
307	213	20	41
307	213	20	41
307	212	20	42
307	212	20	42
307	212	20	42
307	212	19	42
307	212	20	41
307	212	20	41
307	213	19	41
307	213	19	41
307	213	19	41
307	212	19	42
307	212	20	42
307	212	20	41
307	212	20	42
307	212	20	41
307	212	20	42
307	212	20	42
307	213	19	41
307	213	19	41
307	213	20	41
307	212	19	41
307	212	19	42
307	211	19	42
307	212	19	42
307	213	20	42
307	213	19	40
307	213	19	41
307	213	19	41
307	212	19	42
307	212	19	42
307	212	19	42
307	212	20	42
307	212	19	42
307	212	19	41
307	212	19	41
307	212	19	41
307	212	19	41
307	213	19	41
307	212	20	41
307	213	20	41
307	212	20	41
307	213	20	40
306	213	20	40
307	213	20	39
307	213	20	41
306	213	20	40
307	213	20	40
307	213	19	40
307	213	20	41
306	212	20	41
306	213	20	40
307	213	20	39
307	213	20	40
