383	273	14	6
383	273	14	6
383	273	14	6
383	273	14	6
383	273	14	5
383	273	14	5
383	273	14	6
383	273	14	6
383	273	14	6
383	273	13	5
383	273	13	6
384	273	12	5
384	273	12	5
384	273	12	6
384	273	12	6
383	273	13	6
384	273	13	6
384	273	13	5
383	273	14	6
383	273	13	6
384	273	13	6
384	273	12	5
383	273	13	6
383	273	13	6
383	273	13	6
383	273	14	5
384	273	13	5
383	273	13	6
383	273	14	5
383	273	14	5
383	273	14	5
383	273	14	6
383	273	14	6
383	273	13	6
383	273	14	6
383	273	14	6
383	273	14	6
383	272	13	6
384	273	13	6
382	273	14	5
382	273	13	5
383	273	13	5
383	273	12	6
383	273	13	6
383	273	13	6
383	273	13	6
383	273	13	6
384	273	12	6
383	273	13	6
383	273	13	6
383	273	13	6
383	273	13	6
384	273	13	6
383	273	13	6
384	273	12	6
383	273	13	6
383	273	13	6
383	273	13	6
383	273	13	6
383	273	13	6
383	273	13	7
383	273	13	6
383	273	13	6
383	273	13	6
383	273	13	6
384	273	13	6
383	273	13	6
383	273	13	6
383	273	13	6
383	273	13	6
383	273	13	6
383	273	13	6
383	273	13	6
383	273	13	6
383	273	13	6
383	273	13	6
383	273	13	6
383	273	13	6
383	273	13	6
383	273	13	6
383	273	13	6
383	273	13	6
383	273	13	6
383	273	13	6
383	273	13	6
383	273	13	6
383	273	13	6
383	273	13	6
383	273	13	6
383	273	13	6
383	273	13	6
383	273	13	6
383	273	13	6
383	273	13	6
383	273	13	6
383	273	13	6
383	273	13	6
383	273	13	6
383	273	13	6
383	273	13	6
383	273	13	6
383	273	13	6
383	273	13	6
383	273	13	6
383	273	13	6
383	273	13	6
383	273	13	6
383	273	12	6
383	273	12	6
384	273	12	6
383	273	13	6
383	273	13	6
383	273	13	6
383	273	13	6
383	273	13	6
383	273	12	6
383	273	13	6
383	273	13	6
383	273	13	6
383	273	14	6
383	273	13	6
383	273	13	6
383	273	13	6
383	273	13	6
384	274	12	5
385	274	11	5
383	274	13	5
383	272	13	7
384	274	13	5
383	273	13	6
383	273	13	6
383	273	13	6
383	273	13	5
383	273	13	6
383	273	13	6
383	273	13	6
383	273	13	6
383	273	13	6
383	273	13	6
383	273	13	6
383	273	13	5
383	273	14	6
383	273	13	6
383	273	13	6
383	273	13	6
383	273	13	6
383	273	13	6
383	273	13	6
383	273	13	6
383	273	13	6
383	273	13	6
383	273	13	6
383	273	13	6
383	273	13	6
383	273	13	6
383	273	13	6
383	273	13	6
383	273	13	6
383	273	13	6
383	273	13	6
383	273	13	6
383	273	13	6
383	273	12	6
383	273	13	6
383	273	13	6
383	273	14	6
383	273	13	6
383	273	13	6
383	273	12	6
383	273	13	6
383	273	13	6
383	273	13	6
383	273	13	6
383	273	13	6
383	273	13	6
383	273	13	6
383	273	13	6
383	273	12	6
383	273	13	6
383	273	13	6
383	273	13	6
383	273	13	6
383	273	13	6
383	273	13	6
383	273	13	6
383	273	13	6
383	273	13	6
383	273	13	6
383	273	13	6
383	273	13	6
383	273	13	6
383	273	13	6
383	273	13	6
383	273	13	6
383	273	13	6
383	273	13	6
383	273	13	6
383	273	13	6
383	273	14	6
383	273	13	6
383	273	13	6
383	273	13	5
384	273	12	6
383	273	13	5
383	273	14	5
383	273	14	5
383	273	14	5
382	273	14	6
383	273	14	6
383	273	14	6
383	273	14	6
383	273	15	6
383	273	14	6
383	273	14	6
383	273	13	6
383	273	12	6
383	273	13	6
383	273	13	6
383	273	13	6
383	273	13	6
383	273	13	6
383	273	13	6
383	273	13	6
383	273	13	6
383	273	13	6
383	273	13	6
383	273	13	6
383	273	13	6
383	273	13	6
383	273	13	6
383	273	13	6
383	273	13	6
383	273	12	6
383	273	13	6
383	273	13	6
383	273	13	6
383	273	13	6
383	273	13	6
383	273	13	6
383	273	13	6
383	273	13	6
383	273	13	6
383	273	13	6
383	273	13	6
383	273	13	6
383	273	13	6
383	273	13	6
383	273	13	6
383	273	13	6
383	273	13	6
383	273	13	6
383	273	13	6
383	273	13	6
383	273	13	6
383	273	13	5
384	273	13	5
383	273	13	6
383	273	13	6
383	273	13	6
383	273	13	6
383	273	13	6
383	273	12	6
383	273	13	6
383	273	13	6
383	273	13	6
383	273	13	6
383	273	13	6
383	273	13	6
383	273	13	6
383	273	13	6
383	273	13	6
383	273	12	6
383	273	13	6
383	273	13	6
383	273	13	6
383	273	13	6
383	273	14	6
383	273	13	6
383	273	13	6
383	273	14	6
383	273	13	6
383	273	13	6
383	273	13	6
383	273	13	6
383	273	13	6
383	273	14	6
383	273	14	6
