-1	-1	-1	-1
-1	-1	-1	-1
-1	-1	-1	-1
-1	-1	-1	-1
-1	-1	-1	-1
-1	-1	-1	-1
-1	-1	-1	-1
-1	-1	-1	-1
-1	-1	-1	-1
-1	-1	-1	-1
-1	-1	-1	-1
-1	-1	-1	-1
-1	-1	-1	-1
-1	-1	-1	-1
-1	-1	-1	-1
-1	-1	-1	-1
-1	-1	-1	-1
-1	-1	-1	-1
-1	-1	-1	-1
-1	-1	-1	-1
-1	-1	-1	-1
-1	-1	-1	-1
-1	-1	-1	-1
-1	-1	-1	-1
-1	-1	-1	-1
-1	-1	-1	-1
-1	-1	-1	-1
-1	-1	-1	-1
-1	-1	-1	-1
-1	-1	-1	-1
-1	-1	-1	-1
-1	-1	-1	-1
-1	-1	-1	-1
-1	-1	-1	-1
-1	-1	-1	-1
-1	-1	-1	-1
-1	-1	-1	-1
-1	-1	-1	-1
-1	-1	-1	-1
-1	-1	-1	-1
-1	-1	-1	-1
-1	-1	-1	-1
-1	-1	-1	-1
-1	-1	-1	-1
-1	-1	-1	-1
-1	-1	-1	-1
-1	-1	-1	-1
-1	-1	-1	-1
-1	-1	-1	-1
-1	-1	-1	-1
-1	-1	-1	-1
-1	-1	-1	-1
-1	-1	-1	-1
-1	-1	-1	-1
-1	-1	-1	-1
-1	-1	-1	-1
-1	-1	-1	-1
-1	-1	-1	-1
-1	-1	-1	-1
-1	-1	-1	-1
-1	-1	-1	-1
-1	-1	-1	-1
-1	-1	-1	-1
-1	-1	-1	-1
-1	-1	-1	-1
-1	-1	-1	-1
-1	-1	-1	-1
-1	-1	-1	-1
-1	-1	-1	-1
-1	-1	-1	-1
-1	-1	-1	-1
-1	-1	-1	-1
-1	-1	-1	-1
-1	-1	-1	-1
-1	-1	-1	-1
-1	-1	-1	-1
464	246	13	17
464	246	13	16
464	246	13	16
464	246	13	16
464	246	13	16
464	246	13	16
464	246	13	17
463	246	14	17
464	246	13	16
464	246	13	16
464	246	13	16
464	246	14	16
464	246	14	16
464	246	13	16
464	246	13	17
463	246	13	16
464	246	14	16
464	246	13	16
464	246	13	16
464	246	13	17
464	246	13	16
464	246	13	16
464	246	13	17
464	246	13	17
464	246	14	17
464	249	11	13
464	246	11	17
464	246	13	16
463	247	12	16
464	246	13	16
463	246	14	15
463	246	14	16
463	246	14	16
463	246	14	16
463	246	14	16
463	246	14	17
463	246	13	16
463	246	14	17
463	246	14	16
463	246	14	16
464	246	14	15
463	246	14	15
463	246	14	16
463	246	14	15
463	246	14	15
463	246	14	15
463	246	14	16
463	246	16	15
463	246	14	15
463	246	14	15
463	246	14	13
464	246	16	16
464	246	14	16
464	246	13	16
463	246	14	17
463	246	14	17
463	246	14	16
464	246	14	16
464	246	13	17
464	246	14	17
464	246	13	16
464	246	14	16
464	246	13	16
464	246	13	16
464	246	13	16
464	246	14	16
464	246	13	16
464	246	14	16
464	246	13	16
464	246	14	16
464	246	14	17
464	246	13	17
464	246	14	17
464	246	14	17
464	246	14	17
464	246	14	16
464	246	14	16
464	246	14	16
463	246	14	16
463	246	14	16
463	246	14	15
464	246	14	16
464	246	14	16
464	246	14	16
446	234	10	16
463	246	14	17
464	246	14	17
464	246	14	17
464	246	13	16
464	246	13	15
464	246	13	15
464	246	13	14
465	246	12	15
464	246	13	15
464	246	13	15
465	246	13	15
465	246	13	15
463	246	14	15
464	246	14	15
464	246	14	15
464	246	14	15
464	246	14	15
464	246	13	15
463	246	14	14
463	246	14	15
463	246	14	14
464	246	14	16
463	246	14	16
464	246	14	15
464	246	14	15
464	246	14	15
464	246	14	16
464	246	13	15
464	246	14	15
464	246	14	16
464	246	14	15
464	246	14	15
464	246	14	15
463	246	14	15
464	246	14	15
464	246	14	15
463	246	14	16
464	246	14	15
464	246	14	16
464	246	14	16
464	246	13	16
463	246	14	16
464	246	14	15
463	246	14	16
463	246	14	16
463	246	14	15
464	246	14	15
464	246	13	14
464	246	14	15
464	246	14	16
464	246	13	16
464	246	13	16
463	245	14	17
464	246	13	16
464	246	14	16
463	246	14	16
463	246	14	16
464	245	15	16
464	245	14	15
464	246	15	17
464	246	15	15
464	246	15	15
463	246	15	15
463	246	16	15
464	246	15	17
464	245	15	16
464	246	15	15
464	246	15	15
464	246	15	15
