-1	-1	-1	-1
-1	-1	-1	-1
-1	-1	-1	-1
-1	-1	-1	-1
-1	-1	-1	-1
-1	-1	-1	-1
-1	-1	-1	-1
-1	-1	-1	-1
-1	-1	-1	-1
-1	-1	-1	-1
-1	-1	-1	-1
-1	-1	-1	-1
-1	-1	-1	-1
-1	-1	-1	-1
-1	-1	-1	-1
-1	-1	-1	-1
-1	-1	-1	-1
-1	-1	-1	-1
-1	-1	-1	-1
-1	-1	-1	-1
-1	-1	-1	-1
-1	-1	-1	-1
-1	-1	-1	-1
-1	-1	-1	-1
-1	-1	-1	-1
-1	-1	-1	-1
-1	-1	-1	-1
-1	-1	-1	-1
-1	-1	-1	-1
-1	-1	-1	-1
-1	-1	-1	-1
-1	-1	-1	-1
-1	-1	-1	-1
-1	-1	-1	-1
-1	-1	-1	-1
-1	-1	-1	-1
-1	-1	-1	-1
-1	-1	-1	-1
-1	-1	-1	-1
-1	-1	-1	-1
-1	-1	-1	-1
-1	-1	-1	-1
-1	-1	-1	-1
-1	-1	-1	-1
-1	-1	-1	-1
-1	-1	-1	-1
-1	-1	-1	-1
-1	-1	-1	-1
-1	-1	-1	-1
-1	-1	-1	-1
-1	-1	-1	-1
-1	-1	-1	-1
-1	-1	-1	-1
-1	-1	-1	-1
-1	-1	-1	-1
-1	-1	-1	-1
-1	-1	-1	-1
-1	-1	-1	-1
-1	-1	-1	-1
-1	-1	-1	-1
-1	-1	-1	-1
-1	-1	-1	-1
-1	-1	-1	-1
-1	-1	-1	-1
-1	-1	-1	-1
-1	-1	-1	-1
-1	-1	-1	-1
-1	-1	-1	-1
-1	-1	-1	-1
-1	-1	-1	-1
-1	-1	-1	-1
-1	-1	-1	-1
-1	-1	-1	-1
-1	-1	-1	-1
-1	-1	-1	-1
-1	-1	-1	-1
-1	-1	-1	-1
-1	-1	-1	-1
-1	-1	-1	-1
-1	-1	-1	-1
-1	-1	-1	-1
-1	-1	-1	-1
-1	-1	-1	-1
-1	-1	-1	-1
-1	-1	-1	-1
-1	-1	-1	-1
-1	-1	-1	-1
-1	-1	-1	-1
-1	-1	-1	-1
-1	-1	-1	-1
-1	-1	-1	-1
-1	-1	-1	-1
-1	-1	-1	-1
-1	-1	-1	-1
-1	-1	-1	-1
-1	-1	-1	-1
-1	-1	-1	-1
-1	-1	-1	-1
-1	-1	-1	-1
-1	-1	-1	-1
121	250	30	53
121	251	30	53
122	252	29	53
121	252	29	53
122	251	29	53
122	252	29	52
122	252	29	51
121	252	29	51
122	252	29	51
122	252	29	52
122	251	29	52
121	251	29	52
122	252	29	52
122	252	29	53
122	252	29	53
122	252	29	52
122	252	29	51
122	252	29	52
121	253	29	51
122	252	28	51
122	252	29	51
122	252	29	51
122	252	28	53
122	252	29	53
122	252	28	52
122	252	29	53
122	252	29	53
122	252	28	52
122	251	29	53
122	251	29	54
122	252	28	53
122	252	28	53
122	252	29	53
122	252	29	52
122	252	29	52
122	252	29	53
122	251	28	53
122	251	29	53
122	251	29	53
121	252	29	54
121	252	29	53
122	251	29	53
122	252	28	53
122	251	28	52
120	249	30	52
119	250	30	53
121	251	29	53
122	251	28	52
121	252	29	52
122	251	29	52
122	252	29	52
122	251	29	52
121	251	29	52
122	251	29	53
121	251	29	53
121	252	29	53
122	251	29	53
122	251	29	54
122	251	29	54
122	252	29	53
121	252	29	53
121	252	29	53
121	252	29	53
122	252	29	52
122	252	28	53
122	251	29	53
122	252	29	53
122	251	29	54
122	252	29	53
120	249	30	53
122	251	29	53
122	252	29	52
122	251	28	53
122	251	29	54
122	251	29	54
122	252	29	53
121	251	30	54
122	250	28	54
122	252	29	52
122	252	29	53
121	252	29	52
122	251	29	52
122	251	29	53
121	252	29	52
122	252	28	53
122	252	29	52
120	249	30	52
121	251	29	51
122	251	28	52
122	251	28	53
122	252	29	53
122	252	28	54
121	251	29	53
122	251	29	53
122	251	29	53
122	252	29	53
122	251	29	53
121	251	29	53
121	252	30	52
121	250	29	53
122	251	29	54
122	251	29	53
121	251	30	52
122	252	29	52
121	251	30	53
120	249	29	51
122	250	29	53
122	251	29	53
122	251	29	52
122	252	29	53
122	252	28	53
121	252	30	53
122	251	29	53
122	252	29	53
122	252	29	52
122	251	29	53
122	251	29	52
121	251	29	52
121	252	29	51
122	253	29	51
121	251	29	52
122	251	29	52
122	252	29	51
122	252	29	52
122	252	29	52
122	252	29	53
122	252	29	53
121	251	29	54
117	251	32	51
121	251	30	52
122	252	29	53
122	252	28	54
122	252	29	53
122	252	29	52
122	251	28	52
121	251	30	52
120	251	30	52
121	251	30	53
122	251	30	54
122	251	29	53
122	252	29	53
122	251	29	53
122	252	29	51
122	252	29	52
122	252	30	52
122	252	29	53
122	252	29	53
122	251	29	52
122	252	30	52
122	252	28	52
122	252	29	52
121	252	30	53
121	252	29	52
122	251	29	53
122	252	28	53
122	251	29	53
122	252	29	53
122	252	29	53
122	252	28	53
122	252	28	53
122	252	29	52
122	252	28	53
122	252	29	52
122	251	29	53
122	252	29	53
122	252	29	52
121	251	29	53
122	251	29	54
122	252	29	53
122	251	29	53
122	252	29	53
119	251	31	50
119	251	31	52
121	250	30	53
122	252	29	53
122	252	29	52
121	252	30	51
121	252	30	51
122	252	29	53
122	252	29	53
122	252	28	52
122	253	29	51
121	251	30	51
122	251	29	53
122	251	29	54
122	252	29	52
122	251	29	53
121	252	29	52
122	252	29	53
122	252	29	53
122	252	29	53
122	251	28	53
122	252	29	53
121	249	29	52
121	250	29	52
122	251	29	52
122	251	29	53
122	252	29	52
122	252	29	52
122	251	28	53
122	252	29	52
122	253	29	53
121	250	29	53
121	251	30	54
121	251	29	53
122	252	29	53
122	252	29	53
122	252	29	52
120	251	30	52
121	251	29	52
122	252	29	52
122	251	29	53
122	252	29	53
122	251	29	54
122	252	29	53
122	252	29	53
122	253	29	53
121	251	29	53
122	251	29	52
122	251	29	53
122	252	29	53
122	252	29	54
122	252	29	54
122	251	29	55
122	251	29	53
121	252	29	53
122	253	29	54
122	251	29	54
122	252	29	53
121	252	29	52
122	252	29	53
122	252	29	53
122	252	29	52
122	252	30	52
121	252	30	51
121	251	29	53
