-1	-1	-1	-1
-1	-1	-1	-1
-1	-1	-1	-1
-1	-1	-1	-1
-1	-1	-1	-1
-1	-1	-1	-1
-1	-1	-1	-1
-1	-1	-1	-1
-1	-1	-1	-1
-1	-1	-1	-1
-1	-1	-1	-1
-1	-1	-1	-1
-1	-1	-1	-1
-1	-1	-1	-1
-1	-1	-1	-1
-1	-1	-1	-1
-1	-1	-1	-1
-1	-1	-1	-1
-1	-1	-1	-1
-1	-1	-1	-1
-1	-1	-1	-1
-1	-1	-1	-1
-1	-1	-1	-1
-1	-1	-1	-1
311	134	108	70
325	137	85	73
325	137	85	73
325	137	85	73
325	137	85	73
325	137	85	73
325	137	85	73
325	137	85	73
325	137	85	73
325	137	85	73
325	137	85	73
325	137	85	73
325	137	85	73
325	137	85	73
325	137	85	73
325	137	85	73
325	137	85	73
325	137	85	73
325	137	85	73
325	137	85	73
325	137	85	73
325	137	85	73
325	137	85	73
325	137	85	73
325	137	85	73
325	137	85	73
325	137	85	73
325	137	85	73
325	137	85	73
325	137	85	73
325	137	85	73
325	137	85	73
325	137	85	73
325	137	85	73
325	137	85	73
325	137	85	73
325	137	85	73
325	137	85	73
325	137	85	73
325	137	85	73
325	137	85	73
325	137	85	73
325	137	85	73
325	137	85	73
325	137	85	73
325	137	85	73
325	137	85	73
325	137	85	73
325	137	85	73
325	137	85	73
325	137	85	73
325	137	85	73
325	137	85	73
325	137	85	73
325	137	85	73
325	137	85	73
325	137	85	73
325	137	85	73
325	137	85	73
325	137	85	73
325	137	85	73
325	137	85	73
325	137	85	73
325	137	85	73
325	137	85	73
325	137	85	73
325	137	85	73
325	137	85	73
325	137	85	73
325	137	85	73
325	137	85	73
325	137	85	73
325	137	85	73
325	137	85	73
325	137	85	73
325	137	85	73
325	137	85	73
325	137	85	73
325	137	85	73
325	137	85	73
325	137	85	73
327	156	83	60
327	156	83	60
327	156	83	60
327	156	83	60
327	156	83	60
327	156	83	60
327	156	83	60
327	156	83	60
327	156	83	60
327	156	83	60
327	156	83	60
327	156	83	60
327	156	83	60
327	156	83	60
327	156	83	60
327	156	83	60
327	156	83	60
327	156	83	60
327	156	83	60
327	156	83	60
327	156	83	60
327	156	83	60
327	156	83	60
327	156	83	60
327	156	83	60
327	156	83	60
327	156	83	60
327	156	83	60
327	156	83	60
327	156	83	60
327	156	83	60
327	156	83	60
327	156	83	60
327	156	83	60
327	156	83	60
327	156	83	60
327	156	83	60
327	156	83	60
327	156	83	60
327	156	83	60
327	156	83	60
327	156	83	60
327	156	83	60
327	156	83	60
327	156	83	60
327	156	83	60
338	144	58	64
338	144	58	64
338	144	58	64
338	144	58	64
338	144	58	64
338	144	58	64
338	144	58	64
319	173	64	38
319	173	64	38
319	173	64	38
319	173	64	38
319	173	64	38
319	173	64	38
319	173	64	38
319	173	64	38
319	173	64	38
319	173	64	38
319	173	64	38
319	173	64	38
319	173	64	38
319	173	64	38
319	173	64	38
319	173	64	38
319	173	64	38
319	173	64	38
319	173	64	38
319	173	64	38
319	173	64	38
319	173	64	38
319	173	64	38
319	173	64	38
319	173	64	38
319	173	64	38
319	173	64	38
319	173	64	38
319	173	64	38
319	173	64	38
319	173	64	38
319	173	64	38
319	173	64	38
319	173	64	38
319	173	64	38
319	173	64	38
319	173	64	38
319	173	64	38
319	173	64	38
319	173	64	38
319	173	64	38
319	173	64	38
319	173	64	38
319	173	64	38
319	173	64	38
319	173	64	38
319	173	64	38
319	173	64	38
319	173	64	38
319	173	64	38
319	173	64	38
319	173	64	38
319	173	64	38
319	173	64	38
319	173	64	38
319	173	64	38
319	173	64	38
319	173	64	38
319	173	64	38
319	173	64	38
319	173	64	38
319	173	64	38
319	173	64	38
319	173	64	38
319	173	64	38
319	173	64	38
319	173	64	38
319	173	64	38
319	173	64	38
319	173	64	38
319	173	64	38
319	173	64	38
319	173	64	38
319	173	64	38
319	173	64	38
319	173	64	38
319	173	64	38
319	173	64	38
319	173	64	38
319	173	64	38
319	173	64	38
319	173	64	38
319	173	64	38
319	173	64	38
319	173	64	38
319	173	64	38
319	173	64	38
319	173	64	38
319	173	64	38
319	173	64	38
319	173	64	38
319	173	64	38
319	173	64	38
319	173	64	38
319	173	64	38
319	173	64	38
319	173	64	38
319	173	64	38
319	173	64	38
319	173	64	38
319	173	64	38
319	173	64	38
319	173	64	38
319	173	64	38
319	173	64	38
319	173	64	38
319	173	64	38
319	173	64	38
319	173	64	38
319	173	64	38
319	173	64	38
319	173	64	38
319	173	64	38
319	173	64	38
319	173	64	38
319	173	64	38
319	173	64	38
319	173	64	38
319	173	64	38
319	173	64	38
319	173	64	38
319	173	64	38
319	173	64	38
319	173	64	38
319	173	64	38
319	173	64	38
319	173	64	38
319	173	64	38
319	173	64	38
319	173	64	38
319	173	64	38
319	173	64	38
