343	110	27	78
346	85	25	67
359	59	18	63
359	59	18	63
359	59	18	63
359	59	18	63
359	59	18	63
359	59	18	63
359	59	18	63
359	59	18	63
359	59	18	63
359	59	18	63
359	59	18	63
359	59	18	63
359	59	18	63
359	59	18	63
359	59	18	63
359	59	18	63
359	59	18	63
359	59	18	63
359	59	18	63
359	59	18	63
359	59	18	63
359	59	18	63
359	59	18	63
359	59	18	63
359	59	18	63
359	59	18	63
359	59	18	63
359	59	18	63
359	59	18	63
397	88	25	50
411	57	36	52
412	69	37	52
416	68	35	50
420	64	39	46
409	67	41	44
399	75	34	55
396	89	25	60
401	86	26	61
409	89	20	64
405	81	26	59
415	79	31	62
419	106	37	58
419	99	31	49
415	91	34	53
419	109	37	42
418	110	36	39
417	110	37	34
418	102	34	42
409	126	40	35
395	136	45	40
405	142	40	41
405	144	36	37
406	146	44	35
401	147	47	36
367	138	42	37
322	133	34	38
322	133	34	38
322	133	34	38
314	175	42	53
314	175	42	53
416	118	45	50
419	115	47	53
385	132	59	55
373	96	62	50
418	99	59	58
382	164	54	69
382	164	54	69
382	164	54	69
382	164	54	69
382	164	54	69
366	137	41	63
347	132	53	52
347	132	53	52
347	132	53	52
347	132	53	52
347	132	53	52
414	127	55	51
382	128	65	63
338	164	53	70
348	164	57	69
348	170	52	69
341	164	50	66
342	165	42	65
343	159	35	71
343	159	35	71
337	163	35	67
340	161	27	69
338	161	34	70
330	160	38	67
337	154	30	80
362	130	39	76
346	143	53	68
342	149	52	85
349	159	70	74
394	199	81	83
394	199	81	83
394	199	81	83
394	199	81	83
413	148	88	94
332	162	82	74
298	167	73	72
303	157	72	75
327	114	83	64
386	115	74	76
432	123	62	95
436	126	53	96
445	143	44	99
449	151	48	93
457	142	58	99
456	138	65	107
459	148	60	99
451	143	67	104
458	161	59	87
456	146	61	100
450	144	69	107
455	141	62	110
457	137	65	117
454	138	57	129
451	157	57	143
457	168	59	139
453	153	64	156
442	116	73	194
444	99	67	221
443	84	61	245
437	85	61	248
413	67	73	262
412	66	73	265
390	42	87	290
343	33	81	249
343	33	81	249
343	33	81	249
343	33	81	249
343	33	81	249
343	33	81	249
343	33	81	249
343	33	81	249
343	33	81	249
343	33	81	249
343	33	81	249
343	33	81	249
343	33	81	249
343	33	81	249
343	33	81	249
343	33	81	249
343	33	81	249
343	33	81	249
343	33	81	249
343	33	81	249
343	33	81	249
343	33	81	249
343	33	81	249
343	33	81	249
343	33	81	249
343	33	81	249
343	33	81	249
343	33	81	249
343	33	81	249
343	33	81	249
343	33	81	249
343	33	81	249
343	33	81	249
343	33	81	249
343	33	81	249
343	33	81	249
343	33	81	249
343	33	81	249
343	33	81	249
343	33	81	249
343	33	81	249
343	33	81	249
343	33	81	249
343	33	81	249
343	33	81	249
343	33	81	249
343	33	81	249
343	33	81	249
343	33	81	249
343	33	81	249
343	33	81	249
343	33	81	249
343	33	81	249
343	33	81	249
343	33	81	249
343	33	81	249
343	33	81	249
343	33	81	249
343	33	81	249
343	33	81	249
343	33	81	249
343	33	81	249
343	33	81	249
343	33	81	249
343	33	81	249
343	33	81	249
343	33	81	249
343	33	81	249
343	33	81	249
343	33	81	249
343	33	81	249
343	33	81	249
343	33	81	249
343	33	81	249
391	64	82	271
391	64	82	271
391	64	82	271
393	61	82	270
399	55	83	270
391	53	105	272
391	53	105	272
391	53	105	272
391	53	105	272
391	53	105	272
391	53	105	272
391	53	105	272
391	53	105	272
391	53	105	272
391	53	105	272
391	53	105	272
391	53	105	272
391	53	105	272
391	53	105	272
391	53	105	272
391	53	105	272
391	53	105	272
385	55	135	221
385	55	135	221
385	55	135	221
385	55	135	221
385	55	135	221
385	55	135	221
385	55	135	221
385	55	135	221
385	55	135	221
385	55	135	221
385	55	135	221
385	55	135	221
385	55	135	221
385	55	135	221
385	55	135	221
385	55	135	221
385	55	135	221
385	55	135	221
385	55	135	221
385	55	135	221
385	55	135	221
385	55	135	221
385	55	135	221
385	55	135	221
385	55	135	221
385	55	135	221
385	55	135	221
385	55	135	221
385	55	135	221
385	55	135	221
385	55	135	221
385	55	135	221
385	55	135	221
385	55	135	221
385	55	135	221
385	55	135	221
385	55	135	221
385	55	135	221
385	55	135	221
385	55	135	221
385	55	135	221
385	55	135	221
385	55	135	221
385	55	135	221
385	55	135	221
385	55	135	221
385	55	135	221
385	55	135	221
385	55	135	221
385	55	135	221
385	55	135	221
385	55	135	221
385	55	135	221
385	55	135	221
385	55	135	221
385	55	135	221
385	55	135	221
385	55	135	221
385	55	135	221
385	55	135	221
385	55	135	221
385	55	135	221
385	55	135	221
385	55	135	221
385	55	135	221
385	55	135	221
385	55	135	221
385	55	135	221
385	55	135	221
385	55	135	221
385	55	135	221
385	55	135	221
385	55	135	221
385	55	135	221
385	55	135	221
385	55	135	221
385	55	135	221
385	55	135	221
385	55	135	221
385	55	135	221
385	55	135	221
385	55	135	221
385	55	135	221
385	55	135	221
385	55	135	221
385	55	135	221
385	55	135	221
385	55	135	221
385	55	135	221
385	55	135	221
385	55	135	221
385	55	135	221
385	55	135	221
385	55	135	221
385	55	135	221
385	55	135	221
385	55	135	221
385	55	135	221
385	55	135	221
385	55	135	221
385	55	135	221
385	55	135	221
385	55	135	221
385	55	135	221
385	55	135	221
385	55	135	221
385	55	135	221
385	55	135	221
385	55	135	221
385	55	135	221
385	55	135	221
385	55	135	221
385	55	135	221
385	55	135	221
385	55	135	221
385	55	135	221
385	55	135	221
385	55	135	221
385	55	135	221
385	55	135	221
385	55	135	221
385	55	135	221
385	55	135	221
385	55	135	221
385	55	135	221
385	55	135	221
385	55	135	221
385	55	135	221
385	55	135	221
385	55	135	221
385	55	135	221
385	55	135	221
385	55	135	221
385	55	135	221
385	55	135	221
385	55	135	221
385	55	135	221
385	55	135	221
385	55	135	221
385	55	135	221
385	55	135	221
385	55	135	221
385	55	135	221
385	55	135	221
385	55	135	221
385	55	135	221
385	55	135	221
385	55	135	221
385	55	135	221
385	55	135	221
385	55	135	221
385	55	135	221
385	55	135	221
385	55	135	221
385	55	135	221
385	55	135	221
385	55	135	221
385	55	135	221
385	55	135	221
385	55	135	221
385	55	135	221
385	55	135	221
385	55	135	221
385	55	135	221
385	55	135	221
385	55	135	221
385	55	135	221
385	55	135	221
385	55	135	221
385	55	135	221
385	55	135	221
385	55	135	221
385	55	135	221
385	55	135	221
385	55	135	221
385	55	135	221
385	55	135	221
385	55	135	221
385	55	135	221
426	43	131	197
415	77	124	178
417	78	97	178
429	78	80	177
431	62	83	187
427	65	83	183
459	34	107	199
469	54	124	179
461	88	141	151
459	96	144	145
460	94	144	149
460	99	144	147
462	101	144	148
464	103	143	143
462	105	143	143
462	103	144	145
463	104	145	145
463	105	143	145
463	104	144	146
465	103	144	144
464	103	144	146
460	104	145	147
462	104	146	146
462	103	144	147
459	105	147	147
461	107	146	145
462	107	147	144
460	106	147	145
461	106	147	146
460	108	148	146
460	107	149	147
457	119	158	137
457	148	159	113
436	139	173	111
438	149	151	89
430	137	143	95
426	115	144	102
422	112	140	92
426	112	140	89
426	113	139	89
425	111	140	90
429	115	142	87
428	113	139	88
429	113	140	91
432	111	138	90
433	112	138	93
432	109	141	98
431	110	141	97
430	107	140	95
434	104	139	98
435	103	141	99
435	106	140	97
436	107	139	96
435	108	142	93
435	107	141	99
434	107	143	100
435	108	143	100
437	110	142	101
440	109	141	104
445	139	151	102
468	171	165	92
470	156	162	109
462	147	167	114
462	146	161	112
460	150	160	112
461	150	160	114
460	145	158	118
459	147	161	115
460	150	159	114
462	149	161	114
463	151	161	113
464	152	161	112
464	152	164	112
464	153	164	113
464	152	163	114
463	151	161	114
465	153	163	112
465	152	163	115
464	152	164	114
464	152	166	113
463	153	166	114
463	152	165	114
464	153	164	114
462	153	164	114
463	152	164	114
463	151	165	115
465	153	165	113
462	156	159	109
448	157	155	98
439	150	151	91
429	134	146	105
428	117	144	110
426	117	142	105
428	115	142	105
420	119	141	101
421	122	139	94
424	125	139	101
427	125	140	106
429	124	139	101
431	121	140	97
428	119	142	106
430	120	140	104
428	115	143	103
432	114	144	105
429	112	143	107
429	108	144	112
429	111	143	110
428	114	144	110
427	114	143	110
428	115	142	108
430	115	141	109
427	114	144	114
431	110	142	113
433	113	140	106
433	113	139	118
432	111	139	122
433	114	139	112
435	112	138	105
432	112	139	108
434	115	138	111
436	119	138	116
449	166	156	96
462	179	165	93
465	167	163	100
468	162	164	107
466	166	165	106
466	166	163	105
465	166	163	107
467	162	162	110
466	163	163	108
467	164	164	106
469	162	162	110
469	160	165	112
466	162	165	109
466	163	165	107
466	161	163	111
467	163	164	110
468	162	163	109
466	160	162	112
465	160	164	111
465	162	166	110
465	163	164	109
466	167	162	104
465	168	162	103
451	169	162	100
442	161	152	94
427	142	143	100
415	117	139	119
411	109	137	97
407	111	135	94
410	111	133	91
416	112	133	92
417	114	136	90
419	115	136	91
414	117	140	92
424	131	142	99
446	170	161	89
462	175	167	93
465	158	162	106
465	158	165	107
465	161	167	104
465	167	166	102
460	160	167	107
463	158	166	107
460	158	166	108
461	157	165	108
456	158	165	106
458	161	161	103
451	158	158	101
436	154	152	91
428	138	146	99
425	115	146	105
424	109	142	114
426	112	141	95
424	113	142	95
422	116	143	94
421	122	144	88
421	122	142	88
423	121	144	89
423	116	144	94
423	116	144	97
424	119	142	95
423	114	141	93
427	111	140	94
427	110	140	94
426	111	139	97
428	110	139	97
425	110	139	106
424	108	140	106
426	106	139	106
425	108	140	108
426	109	141	107
426	108	141	108
426	108	140	109
426	112	141	108
426	114	139	94
426	113	139	93
428	110	138	98
427	106	139	121
426	105	141	131
426	106	140	121
427	106	140	130
427	107	141	129
428	107	141	131
427	108	140	120
427	108	140	118
427	108	142	125
426	111	141	111
430	134	146	105
