390	258	11	15
389	257	12	16
390	257	11	16
390	257	11	16
390	257	11	16
390	257	12	16
390	256	11	17
389	256	12	17
390	257	12	17
389	257	13	16
390	257	12	17
390	257	12	17
390	257	12	17
389	257	12	16
390	257	12	16
389	257	11	17
389	257	12	17
390	257	11	17
389	256	12	18
390	257	12	17
389	257	13	17
390	258	12	16
389	257	12	16
389	257	11	16
389	258	12	16
390	258	12	15
390	257	11	16
389	258	12	15
389	258	12	15
389	258	12	16
389	258	12	16
389	258	12	15
389	257	12	16
390	258	11	15
389	258	11	16
390	257	11	16
389	257	12	16
389	256	13	17
389	257	13	17
388	256	14	18
389	256	13	17
389	256	13	17
390	256	12	17
390	257	12	16
390	257	12	17
389	257	13	17
390	257	11	17
390	257	11	17
390	257	11	17
390	258	11	17
390	257	11	16
390	257	11	15
390	257	11	16
390	257	10	16
390	258	11	17
390	257	11	17
390	257	11	17
390	257	11	17
390	257	11	16
390	257	11	17
390	257	11	17
390	257	11	16
390	257	11	16
390	257	11	17
390	257	11	17
390	257	11	16
390	257	11	16
390	257	11	17
390	258	11	16
390	258	11	17
390	257	11	17
390	257	11	17
390	257	11	17
390	257	11	16
390	257	11	16
389	257	11	17
390	257	12	17
390	257	12	17
390	257	11	17
390	257	11	17
390	257	10	17
390	257	10	17
390	257	11	17
390	257	11	16
390	257	11	16
390	257	11	16
390	257	11	16
390	257	11	15
390	257	11	17
390	257	11	16
390	257	11	17
390	257	12	17
390	257	11	15
390	257	11	16
390	257	10	16
390	257	10	17
390	257	11	16
390	257	10	16
390	257	11	17
390	257	11	16
390	257	11	16
390	257	11	17
390	257	11	17
390	257	11	17
390	258	11	17
390	257	11	17
390	257	11	16
390	258	11	16
389	257	11	16
390	257	11	16
390	257	11	16
390	257	11	16
390	257	11	15
390	257	11	17
390	257	11	15
390	257	12	17
390	257	12	17
390	257	13	17
390	257	12	17
390	257	11	17
389	257	12	16
389	257	12	17
390	257	12	17
390	257	13	18
390	257	12	17
390	258	14	17
390	257	13	17
390	257	13	17
391	258	11	16
390	258	12	16
390	258	12	16
390	258	12	17
390	258	12	16
390	258	13	16
390	258	13	16
390	257	13	17
390	258	13	17
390	258	12	17
390	258	12	15
390	258	12	17
390	258	12	17
390	258	13	17
391	258	12	16
391	258	12	16
390	257	13	17
390	258	13	16
390	258	13	17
390	258	13	17
390	258	12	15
390	258	11	14
390	258	10	16
390	259	10	16
390	258	10	17
391	258	10	17
390	258	11	16
390	259	11	15
390	259	11	14
390	258	11	16
390	259	11	16
390	259	11	16
390	258	11	16
390	258	11	16
390	258	11	17
390	258	11	17
390	259	11	16
390	258	11	15
391	258	11	17
390	258	11	17
390	258	11	17
390	259	11	16
390	259	11	17
390	258	11	17
390	258	11	15
390	258	11	15
390	258	11	16
390	258	11	17
390	258	11	17
390	258	11	17
390	258	11	15
390	258	10	15
390	258	12	17
390	257	13	17
390	258	12	17
390	258	12	16
390	258	12	16
390	258	13	17
390	258	13	17
390	258	13	16
390	258	13	16
390	258	13	17
390	258	12	16
390	258	13	16
390	258	13	17
390	257	13	17
390	258	13	17
390	258	13	17
390	258	13	17
390	258	12	16
390	258	13	16
390	258	12	16
390	258	12	16
390	258	12	16
390	258	12	17
390	258	12	17
390	258	13	17
390	258	12	17
390	257	13	17
390	257	13	18
390	258	13	17
390	258	12	16
390	258	12	17
390	258	12	16
390	257	12	17
391	259	12	16
390	258	12	17
390	258	12	17
390	258	12	17
390	258	12	16
390	258	11	16
391	259	11	16
390	258	11	17
390	259	11	16
390	259	11	16
391	259	11	16
390	258	11	16
390	259	11	16
390	258	11	16
390	258	12	17
390	258	12	17
390	258	12	16
390	258	11	16
390	258	11	16
391	258	11	16
390	258	10	16
391	258	11	17
390	258	11	17
391	258	11	16
391	258	11	17
390	258	11	16
390	258	11	16
391	258	11	17
390	259	11	16
390	258	11	17
390	259	11	16
391	258	11	17
390	259	11	17
390	259	11	17
391	258	11	17
390	258	12	16
390	258	12	16
390	258	11	16
390	258	11	17
390	258	11	16
391	258	12	17
390	258	13	17
390	258	12	16
390	258	12	17
390	258	11	16
390	258	11	16
391	258	11	16
390	258	11	16
390	258	11	16
390	258	11	16
390	258	11	16
391	258	11	16
391	257	12	17
390	258	12	17
391	258	12	16
390	258	12	17
391	258	11	16
391	258	11	16
390	258	11	16
390	258	12	15
390	258	12	16
391	259	11	16
390	258	11	17
390	258	11	16
390	258	12	17
390	258	13	16
390	258	13	16
390	258	13	16
390	257	13	16
391	258	9	16
390	257	12	17
391	258	11	17
391	258	11	17
385	258	16	17
383	258	18	17
385	259	16	14
384	259	20	15
384	258	14	15
385	259	13	14
385	259	13	13
385	259	12	13
385	259	12	13
385	259	12	13
384	259	13	16
384	260	13	15
385	259	13	16
385	259	13	16
385	259	13	14
385	260	12	12
385	260	12	13
384	259	12	13
384	259	12	13
385	260	12	12
385	260	12	12
385	260	12	12
385	260	12	12
385	260	12	12
385	259	12	12
385	259	12	11
385	260	12	11
384	259	12	13
385	259	13	13
385	260	13	13
384	260	13	13
384	259	13	14
385	259	12	13
385	259	12	12
385	260	12	12
385	260	12	11
385	260	12	12
385	260	12	12
385	260	12	12
385	260	12	12
385	260	12	12
385	260	13	13
384	259	13	13
385	260	12	12
385	260	12	12
385	259	12	12
385	259	12	12
385	260	12	11
385	260	12	10
385	260	12	12
384	259	12	13
385	259	13	13
385	259	12	13
385	260	12	13
385	260	13	13
385	259	12	13
385	260	12	13
385	260	12	12
385	260	12	12
385	260	12	12
386	260	12	12
385	260	12	12
385	260	11	12
385	260	12	12
385	260	12	12
385	260	12	12
385	260	12	12
385	260	12	12
385	260	12	13
385	259	12	12
385	259	12	13
385	259	12	13
385	259	12	13
385	260	12	12
385	260	12	12
385	259	12	12
385	260	12	11
385	260	12	12
385	260	12	12
385	260	12	12
385	260	12	12
386	260	12	11
385	260	12	13
384	260	12	12
385	259	12	12
385	259	13	13
385	259	14	14
385	259	14	17
385	259	15	19
385	258	15	21
389	259	11	17
390	260	10	16
389	259	12	16
389	259	11	17
389	260	11	17
389	260	11	17
389	260	12	17
389	260	12	17
389	260	12	17
389	260	12	17
389	260	11	16
389	260	13	17
389	260	12	17
389	260	11	17
389	259	11	17
389	260	11	17
389	259	11	17
389	260	11	17
390	260	11	16
390	260	10	16
390	260	10	16
389	260	11	16
389	260	11	16
389	261	11	15
390	261	11	14
390	261	10	13
390	261	10	12
389	261	11	15
389	261	11	17
389	260	11	16
390	261	10	16
390	261	10	15
390	261	10	15
390	261	10	15
389	261	10	16
390	260	10	16
390	261	11	16
389	260	10	16
390	261	10	17
389	260	10	16
389	261	10	16
389	261	10	16
390	261	10	16
389	260	10	16
390	261	10	16
389	261	10	16
390	261	10	13
390	261	10	14
389	260	10	16
390	261	10	16
389	261	10	15
390	261	11	15
389	260	11	16
389	261	11	16
389	260	11	16
390	261	11	15
389	261	11	16
389	261	10	16
390	261	10	16
390	260	10	17
390	260	11	17
390	260	10	17
389	259	11	17
389	259	10	18
389	260	11	18
390	260	10	17
389	260	12	17
389	259	10	19
389	260	12	18
389	260	11	17
390	261	9	17
390	260	9	17
390	260	9	17
389	259	11	16
389	260	10	17
389	258	11	19
389	259	9	18
390	258	12	20
388	259	12	18
388	260	11	17
388	260	11	15
388	261	11	15
388	261	11	14
384	261	11	14
385	261	10	13
385	261	10	14
385	261	10	13
385	261	10	13
385	261	10	14
385	260	11	17
385	258	13	19
384	258	14	23
386	256	13	27
386	257	14	25
385	259	14	21
385	260	13	20
385	259	13	20
385	260	13	19
385	259	13	20
385	259	13	20
385	260	13	20
385	260	14	20
385	260	11	17
385	261	11	13
385	261	10	12
385	261	10	13
385	261	10	12
385	261	11	13
385	261	11	13
385	261	10	13
385	261	10	12
385	261	10	11
385	261	11	13
385	261	11	12
385	261	11	13
385	261	11	12
385	261	10	11
385	261	11	12
385	261	11	10
385	261	10	12
385	261	10	13
385	261	11	13
385	261	11	14
385	260	11	15
385	260	12	17
385	260	12	19
385	259	13	19
385	258	13	21
385	258	13	21
385	258	13	22
385	258	13	23
385	258	14	22
385	258	15	22
384	259	17	21
384	258	17	21
385	258	15	22
385	259	13	19
385	261	10	15
384	261	11	13
384	261	12	14
385	261	11	13
385	261	11	13
384	260	11	14
384	261	11	14
384	261	11	14
384	261	11	14
384	260	11	15
384	260	12	15
385	261	11	15
385	261	11	15
384	261	11	14
384	261	11	15
385	261	11	14
384	261	11	15
384	260	11	16
385	261	12	16
385	261	11	15
385	261	11	15
385	261	11	15
385	261	11	14
385	261	11	14
385	261	11	15
385	261	11	14
385	261	11	14
385	260	11	15
384	260	12	16
385	260	11	16
385	260	11	16
384	261	11	16
385	260	11	15
385	260	11	15
385	261	11	15
385	261	12	15
385	261	11	15
384	261	11	15
385	261	11	15
385	261	11	14
385	261	11	15
385	261	11	15
385	260	11	15
384	260	11	15
385	261	11	14
385	261	11	14
385	261	11	14
385	261	10	14
385	261	10	13
385	261	11	14
384	260	11	16
384	261	12	15
384	260	11	16
385	261	11	14
385	261	11	15
385	261	11	13
384	261	11	14
384	261	11	14
384	261	11	14
384	261	11	14
385	261	11	14
384	260	11	14
384	260	11	16
385	261	11	15
385	261	11	14
385	261	11	14
385	261	11	14
385	261	10	14
385	261	10	14
384	260	11	14
385	261	11	15
385	261	11	14
385	261	11	14
385	261	11	14
385	261	11	13
385	261	11	14
384	260	11	15
385	261	10	14
385	261	10	14
384	260	10	15
385	261	11	14
384	260	11	15
384	260	12	14
385	261	11	14
384	261	10	14
