403	124	19	15
403	124	19	16
403	124	19	16
403	123	18	16
403	123	18	16
403	123	18	15
403	123	19	16
404	123	19	16
404	123	19	16
403	124	19	15
404	123	19	16
404	123	19	16
404	123	19	16
404	124	19	15
404	123	19	16
404	123	19	16
404	123	19	16
404	123	19	16
404	123	19	16
404	123	19	17
404	123	19	15
404	123	18	16
404	123	19	16
404	122	19	17
404	123	19	16
404	123	19	16
404	123	19	16
404	123	19	16
404	123	19	16
404	123	19	16
404	124	18	16
404	123	18	16
404	124	18	15
403	123	18	15
404	123	18	16
403	124	18	16
404	123	18	16
404	123	18	16
404	123	18	16
403	123	18	16
403	123	18	16
403	123	18	17
403	123	17	16
403	124	18	15
403	123	19	16
403	123	19	16
404	123	19	17
403	123	18	17
403	124	18	16
403	124	18	15
403	123	19	17
404	123	19	17
404	123	19	17
403	123	19	18
403	123	19	16
403	124	19	16
403	123	19	17
404	124	19	16
404	124	19	17
404	123	18	17
403	123	19	16
403	123	19	16
403	124	19	16
403	124	19	16
403	123	19	16
403	124	18	16
403	124	19	16
403	124	19	16
403	124	19	16
404	124	19	16
404	123	19	16
404	123	19	17
404	123	19	16
404	123	19	16
404	124	19	16
404	123	18	16
404	123	19	16
404	123	19	17
404	123	19	17
404	123	19	16
404	124	19	17
404	123	19	16
404	124	19	16
404	124	19	16
404	124	19	16
404	124	19	16
404	123	18	16
404	124	19	16
404	124	18	16
403	123	19	16
404	123	19	17
403	123	19	17
404	124	18	16
403	124	18	16
404	124	19	16
404	124	18	16
404	123	19	16
404	123	19	16
404	123	19	17
404	123	19	17
404	123	18	17
404	123	19	16
404	123	19	16
404	124	19	17
404	123	19	16
403	124	19	16
404	123	19	17
404	124	19	17
404	123	18	16
404	124	18	17
403	123	19	17
404	124	18	16
403	123	19	17
403	122	19	17
404	123	19	16
404	123	19	17
404	123	18	17
404	123	18	16
404	123	18	17
404	123	18	17
404	122	19	17
404	122	18	17
403	123	18	18
404	123	18	17
404	123	18	17
403	123	17	16
