433	0	57	27
432	46	63	27
432	46	63	27
432	46	63	27
432	46	63	27
432	46	63	27
530	125	45	24
530	125	45	24
530	125	45	24
530	125	45	24
530	125	45	24
530	125	45	24
528	126	36	26
528	126	36	26
528	126	36	26
528	126	36	26
528	126	36	26
528	126	36	26
528	126	36	26
528	126	36	26
528	126	36	26
528	126	36	26
528	126	36	26
528	126	36	26
528	126	36	26
528	126	36	26
528	126	36	26
528	126	36	26
528	126	36	26
528	126	36	26
528	126	36	26
528	126	36	26
528	126	36	26
528	126	36	26
528	126	36	26
528	126	36	26
528	126	36	26
528	126	36	26
528	126	36	26
528	126	36	26
528	126	36	26
528	126	36	26
528	126	36	26
528	126	36	26
528	126	36	26
528	126	36	26
528	126	36	26
528	126	36	26
528	126	36	26
528	126	36	26
528	126	36	26
528	126	36	26
528	126	36	26
528	126	36	26
528	126	36	26
528	126	36	26
440	47	47	29
440	47	47	29
440	47	47	29
440	47	47	29
440	47	47	29
440	47	47	29
440	47	47	29
440	47	47	29
440	47	47	29
440	47	47	29
440	47	47	29
440	47	47	29
440	47	47	29
440	47	47	29
440	47	47	29
440	47	47	29
440	47	47	29
440	47	47	29
440	47	47	29
440	47	47	29
440	47	47	29
440	47	47	29
