381	119	19	56
370	146	27	44
377	109	38	53
348	129	49	56
348	129	49	56
341	122	51	53
346	120	49	53
370	100	47	61
361	114	51	58
372	84	44	58
372	84	44	58
364	182	58	53
364	182	58	53
364	182	58	53
364	182	58	53
364	182	58	53
364	182	58	53
364	182	58	53
364	182	58	53
364	182	58	53
364	182	58	53
254	229	70	57
254	229	70	57
254	229	70	57
254	229	70	57
254	229	70	57
254	229	70	57
254	229	70	57
254	229	70	57
254	229	70	57
254	229	70	57
254	229	70	57
254	229	70	57
254	229	70	57
254	229	70	57
254	229	70	57
254	229	70	57
254	229	70	57
254	229	70	57
254	229	70	57
254	229	70	57
254	229	70	57
254	229	70	57
254	229	70	57
254	229	70	57
254	229	70	57
254	229	70	57
254	229	70	57
254	229	70	57
254	229	70	57
254	229	70	57
254	229	70	57
254	229	70	57
254	229	70	57
254	229	70	57
254	229	70	57
254	229	70	57
254	229	70	57
254	229	70	57
254	229	70	57
254	229	70	57
254	229	70	57
254	229	70	57
254	229	70	57
254	229	70	57
254	229	70	57
254	229	70	57
254	229	70	57
254	229	70	57
254	229	70	57
254	229	70	57
254	229	70	57
254	229	70	57
254	229	70	57
254	229	70	57
254	229	70	57
254	229	70	57
254	229	70	57
254	229	70	57
254	229	70	57
254	229	70	57
254	229	70	57
254	229	70	57
254	229	70	57
254	229	70	57
254	229	70	57
254	229	70	57
254	229	70	57
254	229	70	57
254	229	70	57
254	229	70	57
254	229	70	57
254	229	70	57
254	229	70	57
254	229	70	57
254	229	70	57
254	229	70	57
254	229	70	57
254	229	70	57
254	229	70	57
254	229	70	57
254	229	70	57
254	229	70	57
254	229	70	57
254	229	70	57
254	229	70	57
254	229	70	57
254	229	70	57
254	229	70	57
254	229	70	57
254	229	70	57
254	229	70	57
254	229	70	57
254	229	70	57
254	229	70	57
254	229	70	57
254	229	70	57
254	229	70	57
254	229	70	57
254	229	70	57
254	229	70	57
254	229	70	57
254	229	70	57
254	229	70	57
254	229	70	57
254	229	70	57
254	229	70	57
254	229	70	57
254	229	70	57
254	229	70	57
254	229	70	57
254	229	70	57
254	229	70	57
254	229	70	57
254	229	70	57
254	229	70	57
254	229	70	57
254	229	70	57
254	229	70	57
254	229	70	57
254	229	70	57
254	229	70	57
254	229	70	57
254	229	70	57
254	229	70	57
254	229	70	57
254	229	70	57
254	229	70	57
254	229	70	57
254	229	70	57
254	229	70	57
254	229	70	57
254	229	70	57
254	229	70	57
254	229	70	57
254	229	70	57
254	229	70	57
254	229	70	57
254	229	70	57
254	229	70	57
254	229	70	57
254	229	70	57
254	229	70	57
254	229	70	57
254	229	70	57
254	229	70	57
254	229	70	57
254	229	70	57
254	229	70	57
254	229	70	57
254	229	70	57
254	229	70	57
254	229	70	57
254	229	70	57
254	229	70	57
254	229	70	57
254	229	70	57
254	229	70	57
254	229	70	57
254	229	70	57
254	229	70	57
254	229	70	57
254	229	70	57
254	229	70	57
254	229	70	57
254	229	70	57
254	229	70	57
254	229	70	57
254	229	70	57
254	229	70	57
254	229	70	57
254	229	70	57
254	229	70	57
254	229	70	57
254	229	70	57
254	229	70	57
254	229	70	57
254	229	70	57
254	229	70	57
254	229	70	57
254	229	70	57
254	229	70	57
254	229	70	57
254	229	70	57
254	229	70	57
254	229	70	57
254	229	70	57
254	229	70	57
254	229	70	57
254	229	70	57
254	229	70	57
254	229	70	57
254	229	70	57
254	229	70	57
254	229	70	57
254	229	70	57
254	229	70	57
254	229	70	57
254	229	70	57
254	229	70	57
254	229	70	57
254	229	70	57
254	229	70	57
254	229	70	57
254	229	70	57
254	229	70	57
254	229	70	57
254	229	70	57
254	229	70	57
254	229	70	57
254	229	70	57
254	229	70	57
254	229	70	57
254	229	70	57
254	229	70	57
356	182	91	71
356	182	91	71
356	182	91	71
274	181	70	88
274	181	70	88
274	181	70	88
274	181	70	88
270	197	87	75
270	197	87	75
271	192	85	75
271	205	80	62
266	199	84	65
266	193	80	73
264	198	70	76
264	198	70	76
264	198	70	76
266	188	76	78
266	183	77	83
265	175	83	86
265	175	83	86
265	175	83	86
265	175	83	86
265	175	83	86
265	175	83	86
265	175	83	86
265	175	83	86
265	175	83	86
265	175	83	86
265	175	83	86
265	175	83	86
265	175	83	86
265	175	83	86
265	175	83	86
265	175	83	86
265	175	83	86
265	175	83	86
265	175	83	86
265	175	83	86
265	175	83	86
265	175	83	86
265	175	83	86
265	175	83	86
265	175	83	86
265	175	83	86
265	175	83	86
265	175	83	86
265	175	83	86
265	175	83	86
265	175	83	86
265	175	83	86
265	175	83	86
265	175	83	86
265	175	83	86
265	175	83	86
265	175	83	86
265	175	83	86
265	175	83	86
265	175	83	86
265	175	83	86
265	175	83	86
265	175	83	86
265	175	83	86
265	175	83	86
265	175	83	86
265	175	83	86
265	175	83	86
265	175	83	86
265	175	83	86
265	175	83	86
265	175	83	86
265	175	83	86
265	175	83	86
265	175	83	86
265	175	83	86
265	175	83	86
265	175	83	86
265	175	83	86
265	175	83	86
265	175	83	86
265	175	83	86
265	175	83	86
265	175	83	86
265	175	83	86
265	175	83	86
265	175	83	86
265	175	83	86
265	175	83	86
265	175	83	86
265	175	83	86
265	175	83	86
265	175	83	86
265	175	83	86
265	175	83	86
265	175	83	86
265	175	83	86
265	175	83	86
265	175	83	86
265	175	83	86
265	175	83	86
265	175	83	86
265	175	83	86
