506	308	5	5
506	308	5	4
492	305	4	5
490	306	5	4
490	306	5	4
487	304	5	5
488	305	4	5
488	305	3	4
488	305	4	4
488	304	4	5
488	304	4	5
488	304	4	4
488	304	3	5
488	304	3	4
488	304	3	5
488	304	3	5
488	304	3	5
488	304	3	5
488	304	3	5
488	304	4	5
488	304	4	5
488	303	4	6
488	304	4	5
488	304	4	5
488	304	3	5
488	304	3	4
488	304	4	5
488	304	5	5
485	303	6	6
487	304	5	5
488	304	5	5
488	305	4	4
488	304	4	5
488	304	3	4
488	304	4	5
488	304	4	5
488	304	4	5
488	303	4	6
488	303	4	6
488	302	4	7
488	302	4	8
487	301	5	9
488	299	4	10
488	298	4	12
488	298	4	12
488	298	4	12
488	298	5	12
488	298	4	12
488	298	5	12
488	298	5	12
488	298	5	12
488	298	5	12
487	298	5	12
487	298	5	12
487	303	6	10
487	303	6	10
487	303	6	10
487	303	6	10
487	303	6	10
487	303	6	10
487	303	6	10
487	303	6	10
491	302	8	9
489	301	9	9
492	301	8	9
491	302	8	10
492	302	8	10
491	303	9	9
492	301	9	11
491	301	9	11
491	302	9	11
492	302	9	9
491	303	7	8
491	303	7	7
491	305	5	6
492	305	4	4
492	305	3	4
492	305	4	4
492	305	4	4
492	305	4	5
492	305	4	5
492	305	4	5
492	305	4	5
492	305	4	5
492	305	3	5
492	305	4	5
492	305	4	4
492	305	4	4
492	305	3	4
492	305	4	4
492	305	3	4
492	305	4	4
492	305	4	4
492	305	4	5
492	305	4	5
492	305	5	4
492	305	5	5
492	305	5	4
492	305	5	4
492	305	4	4
492	305	3	4
492	305	5	4
492	305	5	4
492	305	5	5
492	305	5	5
492	305	5	4
492	305	5	4
492	305	5	4
492	305	5	5
492	305	5	5
492	305	5	5
492	305	5	5
492	305	5	5
492	305	5	5
492	305	5	5
492	305	5	5
492	305	5	5
492	305	5	5
492	305	5	5
492	305	5	5
492	305	5	5
492	305	5	5
492	305	5	5
492	305	5	5
492	305	5	5
492	305	5	5
492	305	5	5
492	305	5	5
492	305	5	5
492	305	5	5
492	305	5	5
492	305	5	5
492	305	5	5
492	305	5	5
492	305	5	5
492	305	5	5
492	305	5	5
492	305	5	5
492	305	5	5
492	305	5	5
492	305	5	5
492	305	5	5
492	305	5	5
492	305	5	5
492	305	5	5
492	305	5	5
492	305	5	5
492	305	5	5
492	305	5	5
492	305	5	5
492	305	5	5
492	305	5	5
492	305	5	5
492	305	5	5
492	305	5	5
492	305	5	5
492	305	5	5
492	305	5	5
492	305	5	5
492	305	5	5
492	305	5	5
492	305	5	5
492	305	5	5
492	305	5	5
492	305	5	5
492	305	5	5
477	306	5	4
477	306	4	4
477	306	4	4
477	306	3	5
477	306	4	5
477	306	4	5
477	306	3	5
478	306	3	4
478	306	3	4
478	306	3	4
478	306	3	4
478	306	3	5
477	305	3	5
477	305	3	5
478	306	3	4
478	306	3	4
477	306	3	4
477	306	3	5
477	305	4	5
478	306	3	4
478	306	3	5
478	305	3	5
478	306	3	4
478	306	3	5
477	305	4	5
477	306	3	5
477	306	3	5
477	305	3	5
477	306	3	5
477	306	3	5
477	306	4	5
478	306	3	4
478	306	3	4
477	306	3	5
478	305	3	5
478	305	3	5
477	306	3	5
477	306	4	4
477	306	3	5
477	306	3	5
477	306	3	5
477	305	3	5
477	306	3	5
478	306	3	4
478	306	3	4
478	306	3	4
478	306	3	4
478	306	3	3
478	306	3	3
478	306	3	3
478	306	3	3
478	306	2	3
478	306	2	4
478	306	2	4
478	306	2	4
478	306	3	3
478	306	3	4
478	306	2	3
478	306	2	3
478	306	2	3
478	306	2	3
478	306	2	4
478	306	2	4
478	306	2	4
