-1	-1	-1	-1
-1	-1	-1	-1
-1	-1	-1	-1
-1	-1	-1	-1
-1	-1	-1	-1
-1	-1	-1	-1
-1	-1	-1	-1
-1	-1	-1	-1
-1	-1	-1	-1
-1	-1	-1	-1
-1	-1	-1	-1
-1	-1	-1	-1
-1	-1	-1	-1
-1	-1	-1	-1
-1	-1	-1	-1
-1	-1	-1	-1
-1	-1	-1	-1
-1	-1	-1	-1
-1	-1	-1	-1
-1	-1	-1	-1
-1	-1	-1	-1
-1	-1	-1	-1
-1	-1	-1	-1
-1	-1	-1	-1
-1	-1	-1	-1
-1	-1	-1	-1
-1	-1	-1	-1
-1	-1	-1	-1
-1	-1	-1	-1
-1	-1	-1	-1
-1	-1	-1	-1
-1	-1	-1	-1
-1	-1	-1	-1
-1	-1	-1	-1
-1	-1	-1	-1
-1	-1	-1	-1
-1	-1	-1	-1
-1	-1	-1	-1
-1	-1	-1	-1
-1	-1	-1	-1
-1	-1	-1	-1
-1	-1	-1	-1
-1	-1	-1	-1
-1	-1	-1	-1
-1	-1	-1	-1
-1	-1	-1	-1
-1	-1	-1	-1
-1	-1	-1	-1
-1	-1	-1	-1
-1	-1	-1	-1
-1	-1	-1	-1
-1	-1	-1	-1
-1	-1	-1	-1
-1	-1	-1	-1
-1	-1	-1	-1
-1	-1	-1	-1
-1	-1	-1	-1
-1	-1	-1	-1
-1	-1	-1	-1
-1	-1	-1	-1
-1	-1	-1	-1
-1	-1	-1	-1
-1	-1	-1	-1
-1	-1	-1	-1
-1	-1	-1	-1
-1	-1	-1	-1
-1	-1	-1	-1
-1	-1	-1	-1
-1	-1	-1	-1
-1	-1	-1	-1
-1	-1	-1	-1
-1	-1	-1	-1
-1	-1	-1	-1
-1	-1	-1	-1
-1	-1	-1	-1
-1	-1	-1	-1
-1	-1	-1	-1
-1	-1	-1	-1
-1	-1	-1	-1
-1	-1	-1	-1
-1	-1	-1	-1
-1	-1	-1	-1
-1	-1	-1	-1
-1	-1	-1	-1
-1	-1	-1	-1
-1	-1	-1	-1
-1	-1	-1	-1
-1	-1	-1	-1
-1	-1	-1	-1
-1	-1	-1	-1
-1	-1	-1	-1
-1	-1	-1	-1
-1	-1	-1	-1
-1	-1	-1	-1
-1	-1	-1	-1
-1	-1	-1	-1
-1	-1	-1	-1
-1	-1	-1	-1
-1	-1	-1	-1
-1	-1	-1	-1
-1	-1	-1	-1
-1	-1	-1	-1
-1	-1	-1	-1
-1	-1	-1	-1
-1	-1	-1	-1
-1	-1	-1	-1
-1	-1	-1	-1
-1	-1	-1	-1
-1	-1	-1	-1
-1	-1	-1	-1
-1	-1	-1	-1
-1	-1	-1	-1
-1	-1	-1	-1
-1	-1	-1	-1
-1	-1	-1	-1
-1	-1	-1	-1
-1	-1	-1	-1
-1	-1	-1	-1
-1	-1	-1	-1
-1	-1	-1	-1
-1	-1	-1	-1
-1	-1	-1	-1
-1	-1	-1	-1
-1	-1	-1	-1
-1	-1	-1	-1
-1	-1	-1	-1
-1	-1	-1	-1
-1	-1	-1	-1
-1	-1	-1	-1
-1	-1	-1	-1
-1	-1	-1	-1
-1	-1	-1	-1
-1	-1	-1	-1
-1	-1	-1	-1
-1	-1	-1	-1
-1	-1	-1	-1
-1	-1	-1	-1
-1	-1	-1	-1
-1	-1	-1	-1
-1	-1	-1	-1
-1	-1	-1	-1
-1	-1	-1	-1
-1	-1	-1	-1
-1	-1	-1	-1
-1	-1	-1	-1
-1	-1	-1	-1
-1	-1	-1	-1
-1	-1	-1	-1
-1	-1	-1	-1
-1	-1	-1	-1
-1	-1	-1	-1
-1	-1	-1	-1
-1	-1	-1	-1
-1	-1	-1	-1
-1	-1	-1	-1
-1	-1	-1	-1
-1	-1	-1	-1
-1	-1	-1	-1
-1	-1	-1	-1
-1	-1	-1	-1
-1	-1	-1	-1
-1	-1	-1	-1
-1	-1	-1	-1
-1	-1	-1	-1
-1	-1	-1	-1
-1	-1	-1	-1
-1	-1	-1	-1
-1	-1	-1	-1
-1	-1	-1	-1
-1	-1	-1	-1
-1	-1	-1	-1
-1	-1	-1	-1
-1	-1	-1	-1
-1	-1	-1	-1
-1	-1	-1	-1
-1	-1	-1	-1
-1	-1	-1	-1
-1	-1	-1	-1
-1	-1	-1	-1
-1	-1	-1	-1
-1	-1	-1	-1
-1	-1	-1	-1
-1	-1	-1	-1
-1	-1	-1	-1
-1	-1	-1	-1
-1	-1	-1	-1
-1	-1	-1	-1
-1	-1	-1	-1
-1	-1	-1	-1
-1	-1	-1	-1
-1	-1	-1	-1
-1	-1	-1	-1
-1	-1	-1	-1
-1	-1	-1	-1
-1	-1	-1	-1
-1	-1	-1	-1
-1	-1	-1	-1
-1	-1	-1	-1
-1	-1	-1	-1
-1	-1	-1	-1
-1	-1	-1	-1
-1	-1	-1	-1
-1	-1	-1	-1
-1	-1	-1	-1
-1	-1	-1	-1
-1	-1	-1	-1
-1	-1	-1	-1
-1	-1	-1	-1
-1	-1	-1	-1
-1	-1	-1	-1
-1	-1	-1	-1
-1	-1	-1	-1
-1	-1	-1	-1
-1	-1	-1	-1
-1	-1	-1	-1
-1	-1	-1	-1
-1	-1	-1	-1
-1	-1	-1	-1
-1	-1	-1	-1
-1	-1	-1	-1
-1	-1	-1	-1
-1	-1	-1	-1
-1	-1	-1	-1
-1	-1	-1	-1
-1	-1	-1	-1
-1	-1	-1	-1
-1	-1	-1	-1
-1	-1	-1	-1
-1	-1	-1	-1
-1	-1	-1	-1
-1	-1	-1	-1
-1	-1	-1	-1
-1	-1	-1	-1
-1	-1	-1	-1
-1	-1	-1	-1
-1	-1	-1	-1
-1	-1	-1	-1
-1	-1	-1	-1
-1	-1	-1	-1
-1	-1	-1	-1
-1	-1	-1	-1
-1	-1	-1	-1
-1	-1	-1	-1
-1	-1	-1	-1
-1	-1	-1	-1
-1	-1	-1	-1
-1	-1	-1	-1
-1	-1	-1	-1
-1	-1	-1	-1
-1	-1	-1	-1
-1	-1	-1	-1
-1	-1	-1	-1
-1	-1	-1	-1
-1	-1	-1	-1
-1	-1	-1	-1
-1	-1	-1	-1
-1	-1	-1	-1
-1	-1	-1	-1
-1	-1	-1	-1
-1	-1	-1	-1
-1	-1	-1	-1
-1	-1	-1	-1
-1	-1	-1	-1
-1	-1	-1	-1
-1	-1	-1	-1
-1	-1	-1	-1
-1	-1	-1	-1
-1	-1	-1	-1
-1	-1	-1	-1
-1	-1	-1	-1
-1	-1	-1	-1
-1	-1	-1	-1
-1	-1	-1	-1
-1	-1	-1	-1
-1	-1	-1	-1
-1	-1	-1	-1
-1	-1	-1	-1
-1	-1	-1	-1
-1	-1	-1	-1
-1	-1	-1	-1
-1	-1	-1	-1
-1	-1	-1	-1
-1	-1	-1	-1
-1	-1	-1	-1
-1	-1	-1	-1
-1	-1	-1	-1
-1	-1	-1	-1
-1	-1	-1	-1
-1	-1	-1	-1
-1	-1	-1	-1
-1	-1	-1	-1
-1	-1	-1	-1
-1	-1	-1	-1
-1	-1	-1	-1
-1	-1	-1	-1
-1	-1	-1	-1
-1	-1	-1	-1
-1	-1	-1	-1
-1	-1	-1	-1
-1	-1	-1	-1
-1	-1	-1	-1
-1	-1	-1	-1
-1	-1	-1	-1
-1	-1	-1	-1
-1	-1	-1	-1
-1	-1	-1	-1
-1	-1	-1	-1
-1	-1	-1	-1
-1	-1	-1	-1
-1	-1	-1	-1
-1	-1	-1	-1
-1	-1	-1	-1
-1	-1	-1	-1
-1	-1	-1	-1
-1	-1	-1	-1
-1	-1	-1	-1
-1	-1	-1	-1
-1	-1	-1	-1
-1	-1	-1	-1
-1	-1	-1	-1
-1	-1	-1	-1
-1	-1	-1	-1
-1	-1	-1	-1
-1	-1	-1	-1
-1	-1	-1	-1
-1	-1	-1	-1
-1	-1	-1	-1
-1	-1	-1	-1
-1	-1	-1	-1
-1	-1	-1	-1
-1	-1	-1	-1
-1	-1	-1	-1
-1	-1	-1	-1
-1	-1	-1	-1
-1	-1	-1	-1
-1	-1	-1	-1
-1	-1	-1	-1
-1	-1	-1	-1
-1	-1	-1	-1
-1	-1	-1	-1
-1	-1	-1	-1
-1	-1	-1	-1
-1	-1	-1	-1
-1	-1	-1	-1
-1	-1	-1	-1
-1	-1	-1	-1
-1	-1	-1	-1
-1	-1	-1	-1
-1	-1	-1	-1
-1	-1	-1	-1
-1	-1	-1	-1
-1	-1	-1	-1
-1	-1	-1	-1
-1	-1	-1	-1
-1	-1	-1	-1
-1	-1	-1	-1
-1	-1	-1	-1
-1	-1	-1	-1
-1	-1	-1	-1
-1	-1	-1	-1
-1	-1	-1	-1
-1	-1	-1	-1
-1	-1	-1	-1
-1	-1	-1	-1
-1	-1	-1	-1
-1	-1	-1	-1
-1	-1	-1	-1
-1	-1	-1	-1
-1	-1	-1	-1
-1	-1	-1	-1
-1	-1	-1	-1
-1	-1	-1	-1
-1	-1	-1	-1
-1	-1	-1	-1
-1	-1	-1	-1
-1	-1	-1	-1
-1	-1	-1	-1
382	127	18	16
382	126	20	18
381	125	21	18
381	125	22	18
381	126	20	17
380	124	21	19
380	121	24	23
380	124	23	19
380	123	21	20
380	125	21	18
380	126	22	17
381	128	22	14
381	127	21	15
381	126	21	15
381	126	21	16
380	125	24	18
379	127	27	16
382	130	24	13
382	129	25	13
381	128	25	14
382	131	24	11
379	131	26	12
381	131	22	11
381	132	21	11
382	130	20	12
382	128	19	15
382	128	20	14
383	128	19	15
382	128	19	14
383	130	18	13
383	129	19	13
383	129	19	13
383	129	19	12
382	129	19	13
382	129	20	13
382	127	20	15
382	127	20	15
383	125	19	17
382	125	21	17
381	126	23	17
381	127	22	16
382	127	20	15
382	128	20	15
382	127	20	14
382	126	21	16
382	126	21	16
381	126	21	16
382	126	20	16
382	127	20	16
382	126	20	15
382	127	20	15
383	126	19	16
381	127	22	16
382	127	20	15
382	128	20	14
382	127	19	16
382	126	19	16
382	126	21	16
381	126	21	16
382	126	20	16
383	126	19	16
382	127	20	15
382	127	19	15
381	128	21	15
382	128	20	15
382	128	20	15
382	128	20	14
383	128	19	14
382	128	19	15
383	128	18	15
382	129	20	13
382	128	20	14
382	129	19	14
381	128	21	15
382	128	21	15
382	128	21	14
382	128	21	14
383	127	18	15
384	128	16	14
384	128	15	15
384	128	12	14
385	128	11	14
385	128	10	13
385	128	10	14
384	128	11	13
384	128	10	13
384	129	9	12
384	129	9	13
384	129	10	13
385	129	9	13
384	127	11	14
384	127	10	15
386	128	12	15
385	128	10	13
384	128	10	14
384	128	10	14
385	128	9	13
384	128	9	13
384	128	10	14
384	130	9	11
384	129	9	12
384	129	10	13
384	128	10	14
385	129	9	13
385	129	9	12
384	129	9	13
384	128	10	14
385	128	9	14
384	127	10	15
384	127	10	15
384	128	10	13
384	128	10	13
384	128	10	14
384	127	10	14
384	126	10	15
383	125	11	16
383	123	12	18
384	126	13	15
383	125	11	17
382	123	13	19
383	126	15	16
383	125	15	17
383	124	13	18
383	121	12	20
382	123	13	18
382	123	13	19
382	123	14	19
384	124	15	18
382	125	20	18
382	125	22	17
381	124	24	18
381	124	24	18
381	125	24	18
381	125	25	18
381	125	25	18
381	124	24	19
380	124	25	18
381	125	25	18
380	122	26	21
381	123	25	20
380	123	26	20
379	122	29	21
379	122	29	21
379	122	28	22
380	124	26	19
380	121	29	22
380	124	26	17
379	122	29	20
381	122	26	21
381	120	26	22
380	122	26	20
381	122	25	21
381	124	25	19
379	122	27	21
379	123	27	20
379	122	27	21
381	120	26	22
381	119	26	24
378	122	28	21
379	123	27	20
381	124	25	18
382	127	23	16
381	126	24	16
381	125	25	17
381	126	25	16
381	126	25	17
380	124	26	18
381	125	25	17
381	124	26	18
381	124	26	18
380	123	27	19
381	125	24	17
380	125	25	17
381	127	24	16
380	125	25	18
381	126	23	17
380	125	24	18
380	125	25	17
380	125	24	18
380	123	25	19
381	124	23	19
381	125	24	17
381	125	23	17
382	125	24	17
381	125	24	17
381	125	24	17
381	125	24	17
381	126	23	16
381	125	24	16
381	126	23	17
381	125	24	18
380	125	24	18
380	125	26	18
381	126	23	16
381	126	24	17
381	125	24	18
380	125	25	17
381	126	24	16
381	124	24	18
380	125	25	18
381	125	24	17
381	126	24	16
381	125	24	17
381	125	24	18
381	125	23	17
382	126	22	17
381	125	24	17
381	125	24	17
382	126	23	17
381	126	24	17
382	126	23	16
381	125	24	18
381	126	23	17
382	127	22	15
382	127	22	16
381	126	23	16
381	127	23	15
381	126	24	15
381	126	25	15
381	125	23	17
382	126	22	16
382	127	21	15
381	125	22	17
381	125	23	17
382	126	21	17
381	126	22	16
381	125	23	17
381	126	22	16
380	125	25	17
381	126	23	16
382	127	22	16
381	127	23	16
381	126	23	17
381	126	24	16
382	127	23	15
381	127	24	15
382	128	22	14
381	128	23	14
381	128	22	14
381	127	23	15
382	127	23	15
382	126	23	16
382	127	23	15
381	127	24	15
381	127	24	16
381	126	25	16
382	127	24	15
381	127	24	15
382	127	24	15
382	127	23	14
382	127	22	15
381	124	26	18
379	122	30	21
