-1	-1	-1	-1
-1	-1	-1	-1
-1	-1	-1	-1
-1	-1	-1	-1
-1	-1	-1	-1
-1	-1	-1	-1
-1	-1	-1	-1
-1	-1	-1	-1
-1	-1	-1	-1
-1	-1	-1	-1
-1	-1	-1	-1
-1	-1	-1	-1
-1	-1	-1	-1
-1	-1	-1	-1
-1	-1	-1	-1
-1	-1	-1	-1
-1	-1	-1	-1
-1	-1	-1	-1
-1	-1	-1	-1
-1	-1	-1	-1
-1	-1	-1	-1
-1	-1	-1	-1
-1	-1	-1	-1
-1	-1	-1	-1
-1	-1	-1	-1
-1	-1	-1	-1
-1	-1	-1	-1
-1	-1	-1	-1
-1	-1	-1	-1
-1	-1	-1	-1
-1	-1	-1	-1
-1	-1	-1	-1
-1	-1	-1	-1
-1	-1	-1	-1
-1	-1	-1	-1
-1	-1	-1	-1
-1	-1	-1	-1
-1	-1	-1	-1
-1	-1	-1	-1
-1	-1	-1	-1
-1	-1	-1	-1
-1	-1	-1	-1
-1	-1	-1	-1
-1	-1	-1	-1
-1	-1	-1	-1
-1	-1	-1	-1
-1	-1	-1	-1
-1	-1	-1	-1
-1	-1	-1	-1
-1	-1	-1	-1
-1	-1	-1	-1
-1	-1	-1	-1
-1	-1	-1	-1
-1	-1	-1	-1
-1	-1	-1	-1
-1	-1	-1	-1
-1	-1	-1	-1
-1	-1	-1	-1
-1	-1	-1	-1
-1	-1	-1	-1
-1	-1	-1	-1
-1	-1	-1	-1
-1	-1	-1	-1
-1	-1	-1	-1
-1	-1	-1	-1
-1	-1	-1	-1
-1	-1	-1	-1
-1	-1	-1	-1
-1	-1	-1	-1
-1	-1	-1	-1
-1	-1	-1	-1
-1	-1	-1	-1
-1	-1	-1	-1
-1	-1	-1	-1
-1	-1	-1	-1
-1	-1	-1	-1
-1	-1	-1	-1
-1	-1	-1	-1
-1	-1	-1	-1
-1	-1	-1	-1
-1	-1	-1	-1
-1	-1	-1	-1
-1	-1	-1	-1
-1	-1	-1	-1
-1	-1	-1	-1
-1	-1	-1	-1
-1	-1	-1	-1
-1	-1	-1	-1
-1	-1	-1	-1
-1	-1	-1	-1
-1	-1	-1	-1
-1	-1	-1	-1
-1	-1	-1	-1
-1	-1	-1	-1
-1	-1	-1	-1
-1	-1	-1	-1
-1	-1	-1	-1
-1	-1	-1	-1
-1	-1	-1	-1
-1	-1	-1	-1
-1	-1	-1	-1
-1	-1	-1	-1
-1	-1	-1	-1
-1	-1	-1	-1
-1	-1	-1	-1
-1	-1	-1	-1
-1	-1	-1	-1
-1	-1	-1	-1
-1	-1	-1	-1
-1	-1	-1	-1
-1	-1	-1	-1
-1	-1	-1	-1
-1	-1	-1	-1
-1	-1	-1	-1
-1	-1	-1	-1
-1	-1	-1	-1
-1	-1	-1	-1
-1	-1	-1	-1
-1	-1	-1	-1
-1	-1	-1	-1
-1	-1	-1	-1
-1	-1	-1	-1
-1	-1	-1	-1
-1	-1	-1	-1
-1	-1	-1	-1
-1	-1	-1	-1
-1	-1	-1	-1
-1	-1	-1	-1
-1	-1	-1	-1
-1	-1	-1	-1
-1	-1	-1	-1
-1	-1	-1	-1
-1	-1	-1	-1
-1	-1	-1	-1
-1	-1	-1	-1
-1	-1	-1	-1
-1	-1	-1	-1
-1	-1	-1	-1
-1	-1	-1	-1
-1	-1	-1	-1
-1	-1	-1	-1
-1	-1	-1	-1
-1	-1	-1	-1
-1	-1	-1	-1
-1	-1	-1	-1
-1	-1	-1	-1
-1	-1	-1	-1
-1	-1	-1	-1
-1	-1	-1	-1
-1	-1	-1	-1
-1	-1	-1	-1
-1	-1	-1	-1
-1	-1	-1	-1
-1	-1	-1	-1
-1	-1	-1	-1
-1	-1	-1	-1
-1	-1	-1	-1
-1	-1	-1	-1
-1	-1	-1	-1
-1	-1	-1	-1
-1	-1	-1	-1
-1	-1	-1	-1
-1	-1	-1	-1
-1	-1	-1	-1
-1	-1	-1	-1
-1	-1	-1	-1
-1	-1	-1	-1
-1	-1	-1	-1
-1	-1	-1	-1
-1	-1	-1	-1
-1	-1	-1	-1
-1	-1	-1	-1
-1	-1	-1	-1
-1	-1	-1	-1
-1	-1	-1	-1
-1	-1	-1	-1
-1	-1	-1	-1
-1	-1	-1	-1
-1	-1	-1	-1
-1	-1	-1	-1
-1	-1	-1	-1
-1	-1	-1	-1
-1	-1	-1	-1
-1	-1	-1	-1
-1	-1	-1	-1
-1	-1	-1	-1
-1	-1	-1	-1
-1	-1	-1	-1
-1	-1	-1	-1
-1	-1	-1	-1
-1	-1	-1	-1
-1	-1	-1	-1
-1	-1	-1	-1
-1	-1	-1	-1
-1	-1	-1	-1
-1	-1	-1	-1
-1	-1	-1	-1
-1	-1	-1	-1
-1	-1	-1	-1
-1	-1	-1	-1
-1	-1	-1	-1
-1	-1	-1	-1
-1	-1	-1	-1
-1	-1	-1	-1
-1	-1	-1	-1
-1	-1	-1	-1
-1	-1	-1	-1
-1	-1	-1	-1
-1	-1	-1	-1
-1	-1	-1	-1
-1	-1	-1	-1
-1	-1	-1	-1
-1	-1	-1	-1
-1	-1	-1	-1
-1	-1	-1	-1
-1	-1	-1	-1
-1	-1	-1	-1
-1	-1	-1	-1
-1	-1	-1	-1
-1	-1	-1	-1
-1	-1	-1	-1
-1	-1	-1	-1
-1	-1	-1	-1
-1	-1	-1	-1
-1	-1	-1	-1
-1	-1	-1	-1
-1	-1	-1	-1
-1	-1	-1	-1
-1	-1	-1	-1
-1	-1	-1	-1
-1	-1	-1	-1
-1	-1	-1	-1
-1	-1	-1	-1
-1	-1	-1	-1
-1	-1	-1	-1
-1	-1	-1	-1
-1	-1	-1	-1
-1	-1	-1	-1
-1	-1	-1	-1
-1	-1	-1	-1
-1	-1	-1	-1
-1	-1	-1	-1
-1	-1	-1	-1
-1	-1	-1	-1
-1	-1	-1	-1
-1	-1	-1	-1
-1	-1	-1	-1
-1	-1	-1	-1
-1	-1	-1	-1
-1	-1	-1	-1
-1	-1	-1	-1
-1	-1	-1	-1
-1	-1	-1	-1
-1	-1	-1	-1
-1	-1	-1	-1
-1	-1	-1	-1
-1	-1	-1	-1
-1	-1	-1	-1
-1	-1	-1	-1
-1	-1	-1	-1
-1	-1	-1	-1
-1	-1	-1	-1
-1	-1	-1	-1
-1	-1	-1	-1
-1	-1	-1	-1
-1	-1	-1	-1
-1	-1	-1	-1
-1	-1	-1	-1
-1	-1	-1	-1
-1	-1	-1	-1
-1	-1	-1	-1
-1	-1	-1	-1
-1	-1	-1	-1
-1	-1	-1	-1
-1	-1	-1	-1
-1	-1	-1	-1
-1	-1	-1	-1
-1	-1	-1	-1
-1	-1	-1	-1
-1	-1	-1	-1
-1	-1	-1	-1
-1	-1	-1	-1
-1	-1	-1	-1
-1	-1	-1	-1
-1	-1	-1	-1
-1	-1	-1	-1
-1	-1	-1	-1
-1	-1	-1	-1
-1	-1	-1	-1
-1	-1	-1	-1
-1	-1	-1	-1
-1	-1	-1	-1
-1	-1	-1	-1
-1	-1	-1	-1
-1	-1	-1	-1
-1	-1	-1	-1
-1	-1	-1	-1
365	251	10	17
366	249	8	18
365	252	9	16
365	253	8	14
365	252	9	16
365	249	10	18
365	249	8	19
366	247	8	21
365	249	9	20
367	249	8	19
366	249	8	18
366	249	9	18
366	249	8	19
365	248	10	20
366	248	10	20
366	247	10	20
366	248	9	18
367	248	8	19
366	248	9	19
366	249	9	18
366	249	9	19
367	250	9	18
365	250	9	19
367	249	9	18
366	249	9	19
366	248	10	19
366	249	10	19
366	248	9	18
366	250	10	18
365	248	10	19
365	249	9	19
365	248	10	20
366	248	9	19
366	248	9	19
365	248	10	19
365	248	9	19
366	250	10	18
364	249	10	19
366	248	11	18
365	248	10	18
365	248	9	18
366	250	9	17
367	249	7	19
367	249	9	18
366	249	10	18
365	249	10	18
366	249	8	19
369	249	7	19
367	249	8	19
367	249	8	19
368	249	8	19
367	249	8	18
367	249	7	19
366	249	8	18
367	249	8	19
366	248	9	18
365	249	9	18
366	248	9	19
365	248	10	18
364	248	11	19
366	249	9	18
365	250	9	17
366	249	9	19
364	248	9	21
366	249	8	19
368	249	7	19
368	251	7	17
366	250	10	16
366	250	9	18
366	249	9	18
367	249	8	18
366	249	9	19
366	249	8	19
365	249	9	20
365	247	10	22
364	246	11	22
365	247	11	22
363	249	12	20
363	249	14	19
364	252	11	20
365	252	9	19
365	252	9	19
366	250	8	21
368	250	8	21
367	249	9	21
367	250	9	21
367	250	9	22
367	250	9	21
367	249	8	22
367	248	7	22
366	248	8	22
366	249	9	21
367	249	8	22
369	248	6	22
368	248	6	23
367	249	7	22
367	249	8	23
366	249	8	21
368	250	8	22
368	250	7	21
365	251	9	19
366	250	9	20
366	249	9	20
367	248	9	21
366	248	10	21
366	250	11	20
366	249	11	20
366	250	10	20
365	250	10	22
365	249	10	20
366	251	9	20
366	250	9	20
365	249	9	22
366	250	9	20
365	250	9	20
366	250	9	20
366	251	9	19
366	250	9	20
366	251	9	19
365	250	9	21
365	250	9	21
365	251	9	20
366	250	7	20
367	250	7	20
366	249	9	22
366	248	9	22
366	251	9	19
366	250	9	20
366	250	9	20
368	250	8	20
366	250	9	22
366	249	9	22
365	249	10	22
366	250	10	21
366	250	9	20
365	251	10	20
367	250	8	21
365	249	10	21
366	250	9	20
366	250	10	21
367	250	9	21
367	250	8	20
368	249	8	21
367	250	9	22
367	249	9	21
367	250	8	21
367	249	7	23
367	248	7	23
367	248	8	22
367	249	7	22
368	248	7	22
367	250	8	21
368	251	6	20
368	250	8	21
367	250	9	21
366	249	9	21
368	249	7	21
366	249	9	21
366	249	8	20
367	249	7	21
367	248	7	21
366	249	8	21
366	248	7	20
365	250	8	19
364	249	9	21
366	248	8	22
364	246	10	23
365	246	9	22
366	249	9	23
364	247	11	22
366	248	8	20
367	249	6	20
367	250	7	18
364	250	10	18
364	250	10	20
364	249	11	21
365	251	10	19
365	250	10	18
365	250	10	19
365	250	9	19
365	251	10	17
365	251	10	18
364	250	9	19
365	250	9	20
364	248	8	21
365	249	8	21
365	249	10	21
366	248	8	21
365	249	10	20
365	249	9	20
366	250	7	19
364	252	9	18
363	251	10	18
365	252	9	18
366	251	9	19
364	249	10	20
365	250	8	20
366	250	9	21
365	249	9	21
364	249	9	20
365	251	9	18
365	251	10	18
365	251	8	17
365	250	10	18
364	252	10	18
366	252	9	17
364	251	9	18
364	249	10	19
365	250	8	20
364	250	8	20
363	252	10	17
365	252	9	17
365	251	11	18
363	251	11	18
364	252	8	17
364	252	10	18
365	251	10	19
365	251	9	19
365	249	10	21
364	248	10	22
363	248	11	22
365	249	8	20
366	251	8	18
364	252	9	17
365	253	10	16
365	252	9	16
365	253	8	15
366	252	7	17
364	252	10	18
366	251	9	17
364	251	8	17
365	252	10	17
365	252	9	17
365	252	8	18
365	254	9	15
364	251	9	17
365	250	10	18
365	250	8	18
365	250	9	20
365	251	9	19
365	250	9	18
365	251	9	18
364	252	10	18
364	251	10	18
364	251	10	18
364	248	10	20
364	250	10	19
364	248	11	21
364	250	10	20
363	250	11	18
364	250	10	18
364	249	8	19
364	251	9	17
364	253	10	17
365	252	9	17
364	250	11	19
364	248	10	21
364	249	10	21
364	248	9	21
365	247	10	21
365	248	9	20
365	249	8	20
365	249	8	21
368	248	7	20
367	249	8	20
366	248	8	20
367	250	7	17
366	249	8	19
365	250	9	19
366	249	8	21
366	249	9	21
366	249	8	19
366	249	8	19
366	249	7	20
367	248	7	21
366	251	8	19
366	249	8	20
367	247	7	21
366	248	9	22
364	248	10	21
365	249	9	20
367	249	7	20
367	247	8	21
366	248	9	21
365	250	9	20
366	249	8	20
368	250	7	19
367	251	7	19
367	250	8	20
366	248	8	21
366	249	8	20
366	249	7	19
365	248	10	21
365	249	10	20
366	249	10	19
365	250	10	19
364	249	10	19
365	249	9	20
366	250	8	21
366	248	8	21
365	249	9	20
