390	258	11	15
390	258	10	14
390	259	10	13
390	259	9	13
391	259	9	14
390	259	10	12
390	258	9	13
390	258	10	13
391	259	9	12
390	259	10	13
391	258	9	15
390	258	10	15
390	258	10	16
390	257	10	15
390	258	10	14
390	259	9	13
391	259	10	14
390	258	9	15
391	257	9	15
390	258	9	14
391	258	9	13
390	257	9	14
390	259	10	15
390	258	9	14
391	259	9	15
391	258	10	14
390	257	10	14
390	259	10	15
390	257	10	15
390	257	10	15
390	258	10	16
390	258	10	14
390	257	10	15
391	258	10	14
391	257	10	15
391	258	10	16
391	257	10	15
389	257	9	15
390	257	11	14
390	257	12	15
391	258	11	15
390	258	11	14
390	258	11	15
390	259	10	14
390	257	10	14
391	259	10	14
390	259	9	14
390	259	9	15
390	258	9	15
391	259	9	15
391	259	9	14
391	258	9	13
390	259	10	13
390	258	9	15
391	258	9	14
391	258	9	14
390	258	9	13
390	259	9	14
390	258	9	13
390	258	9	14
390	258	10	14
390	258	9	14
390	258	9	13
390	259	9	14
390	258	9	14
390	258	9	14
390	258	10	13
391	259	10	13
391	259	9	14
390	258	9	13
390	258	10	15
390	258	10	14
390	258	9	14
390	258	10	14
390	258	10	14
390	258	10	13
390	259	10	13
390	259	9	13
390	258	9	13
390	258	9	14
390	259	9	14
390	258	9	13
390	259	9	14
390	258	10	14
390	258	10	15
390	259	9	14
390	258	9	13
391	258	10	13
390	259	9	14
390	258	9	14
390	258	9	14
390	258	10	14
390	259	10	13
390	259	9	13
390	259	9	13
390	258	9	14
391	258	9	14
391	258	9	14
390	258	10	14
390	258	9	15
390	258	10	14
390	258	10	14
390	258	9	13
390	259	9	14
390	258	10	13
390	259	9	13
390	259	9	14
390	259	9	14
390	259	10	14
390	258	10	14
390	258	10	14
390	259	9	13
390	259	9	14
390	259	9	14
391	259	9	13
390	259	10	12
390	258	9	13
390	259	9	13
390	258	9	14
390	258	10	14
391	259	11	12
391	259	10	13
392	258	9	14
391	258	11	15
392	259	11	14
392	259	11	14
392	259	11	14
391	258	10	13
391	258	10	13
392	259	10	14
391	259	10	14
392	259	10	13
391	258	10	12
392	260	10	12
392	259	10	13
392	259	10	15
392	259	10	15
392	258	11	16
391	258	11	15
391	259	11	15
391	259	11	16
390	259	11	16
391	258	11	16
391	258	10	16
391	258	11	17
391	258	11	15
391	258	11	14
390	259	11	13
391	260	11	13
391	258	11	14
391	259	10	16
391	259	10	14
392	260	10	13
392	260	10	14
392	260	10	13
391	259	11	12
391	259	10	11
391	259	10	11
391	259	10	12
391	260	10	14
392	259	10	13
390	258	10	13
392	259	10	12
391	259	10	13
392	260	9	12
392	259	10	13
392	259	10	15
392	258	10	14
391	259	10	14
391	260	10	14
392	260	10	14
392	259	10	15
391	260	10	13
391	260	10	14
392	260	10	14
392	260	10	14
392	259	10	13
392	260	10	13
391	260	10	13
392	260	9	13
392	260	10	14
392	258	10	15
391	260	10	15
392	259	10	13
390	259	11	14
392	259	10	13
392	260	11	12
390	259	11	14
392	259	11	14
390	260	10	15
392	259	10	14
391	258	11	14
391	259	10	15
391	258	11	14
390	258	10	15
392	259	10	15
390	259	11	14
390	258	11	15
391	259	10	16
391	259	10	14
391	260	10	13
392	259	11	13
391	258	10	14
391	259	10	14
391	260	10	12
392	260	10	13
392	260	11	13
392	258	11	14
391	259	10	13
391	260	10	13
391	258	11	13
391	258	10	13
391	258	10	15
392	259	10	15
391	259	10	16
391	259	10	16
392	258	10	17
391	259	10	16
391	259	10	14
391	260	10	13
392	259	9	14
392	260	10	14
391	259	9	14
392	259	9	14
392	259	10	13
391	259	10	13
391	258	9	15
392	258	10	15
391	258	11	14
391	259	10	14
392	259	10	15
391	259	10	15
392	258	10	14
392	260	10	13
392	260	9	13
392	260	9	13
392	259	9	13
392	260	10	13
392	260	10	13
392	260	10	13
391	259	10	15
391	259	10	15
392	259	10	13
391	260	10	14
391	259	10	14
392	259	9	14
392	260	10	14
392	258	9	15
392	259	10	15
392	259	10	15
391	259	9	15
392	260	10	14
392	259	10	15
390	258	10	15
392	258	10	15
392	258	10	15
391	258	10	15
391	258	11	14
391	259	10	13
391	259	10	13
391	258	10	14
392	259	10	15
391	259	10	15
391	259	10	14
391	259	10	14
391	259	11	15
391	259	11	16
391	258	11	16
391	258	10	14
391	258	10	15
392	258	10	15
392	259	10	14
392	259	10	14
392	259	10	14
391	259	9	14
392	260	9	13
391	260	10	14
392	260	11	13
391	258	10	13
391	259	11	14
391	260	11	13
390	258	12	16
391	259	8	15
391	259	11	14
391	259	11	16
393	259	9	17
386	260	11	15
384	260	12	15
387	260	9	14
386	261	10	13
386	260	11	14
384	259	12	14
385	261	12	14
385	261	11	15
386	259	11	17
386	260	11	16
386	260	11	17
385	259	11	17
386	260	11	15
386	259	11	15
386	260	11	14
386	261	11	14
386	260	11	14
386	261	11	13
386	261	11	12
386	261	11	12
386	261	11	12
386	261	11	13
386	260	11	13
386	260	11	12
386	260	11	13
386	260	11	13
386	260	11	15
386	259	11	15
386	259	11	17
386	261	11	16
386	260	11	16
386	260	11	16
386	261	11	14
386	260	11	13
386	260	11	12
386	260	11	12
386	259	11	12
386	261	11	12
386	260	11	13
386	260	11	14
386	261	11	14
385	261	12	14
385	260	11	15
385	260	11	15
386	259	11	16
386	261	11	15
386	259	11	15
386	260	11	16
385	261	11	17
385	259	11	17
385	260	11	16
385	259	11	17
385	259	11	17
386	261	12	14
386	261	11	13
386	259	11	14
386	261	11	14
385	260	11	15
386	260	11	15
386	260	11	17
386	259	11	18
386	259	11	18
385	260	10	18
386	261	11	15
386	261	11	16
386	261	11	17
385	259	11	17
386	259	11	17
386	260	11	17
386	260	11	17
386	259	11	17
386	260	11	15
386	261	11	14
386	260	11	14
386	260	11	14
386	260	11	13
386	261	11	12
386	261	11	12
386	260	11	12
386	260	11	11
386	260	11	12
386	260	11	14
387	260	10	15
386	259	11	17
386	260	11	15
386	260	11	13
386	259	11	14
386	261	11	13
385	260	10	14
385	260	11	14
390	262	10	16
390	261	10	16
390	261	11	15
390	262	10	13
390	261	9	14
390	261	9	16
391	261	9	16
391	261	9	14
391	261	9	15
391	261	10	13
391	261	9	12
391	261	9	13
390	261	9	14
390	262	9	15
391	260	10	16
391	262	10	16
390	260	10	14
391	262	9	12
391	262	9	13
391	261	9	14
390	261	8	15
391	262	9	14
391	261	9	14
389	262	10	15
390	261	10	15
390	262	10	14
391	261	10	14
391	261	10	15
391	262	9	15
390	262	9	15
391	262	9	15
391	262	9	13
391	261	9	12
391	262	9	12
391	261	9	11
391	261	9	11
391	262	9	10
390	262	9	11
391	262	9	12
391	261	9	13
391	262	9	13
391	261	9	13
391	261	9	16
391	261	9	15
391	261	9	16
391	261	10	14
391	262	9	15
391	262	9	16
391	260	9	17
391	262	9	15
391	262	9	14
391	262	9	13
391	261	9	13
391	262	9	13
390	262	9	14
391	262	10	14
391	261	9	13
391	262	9	15
391	262	9	14
391	261	10	16
391	262	9	15
391	262	9	14
391	260	10	15
391	260	10	16
390	261	10	16
391	261	9	16
390	260	10	17
391	261	10	18
391	261	10	17
391	260	9	16
391	261	9	17
391	261	9	17
390	260	9	17
389	262	10	16
389	261	9	17
389	260	10	17
389	262	9	17
390	261	9	17
389	261	9	16
389	261	9	17
389	262	10	15
389	262	10	14
389	261	9	12
387	262	9	11
386	262	9	12
385	263	9	13
385	262	9	12
385	261	9	14
385	262	10	14
386	261	10	16
387	261	9	16
386	261	9	18
385	260	9	18
385	261	10	19
385	262	10	18
386	262	10	18
385	260	10	19
386	262	9	18
386	261	9	18
385	261	10	19
385	260	10	18
385	262	11	16
385	261	9	15
385	261	10	15
385	261	10	17
385	262	9	16
385	262	10	16
385	262	10	16
385	261	10	17
385	261	9	18
385	262	10	18
385	262	10	18
385	261	10	17
385	261	10	17
385	262	10	15
385	262	10	15
385	262	10	15
385	262	10	16
385	262	10	16
385	261	10	16
385	261	10	15
385	261	10	15
386	262	10	16
385	262	10	16
385	261	9	16
385	261	10	18
385	261	9	18
385	260	10	18
385	260	9	17
385	261	10	17
385	261	10	17
385	261	10	16
385	261	8	16
386	262	9	17
386	262	9	17
385	261	10	17
385	261	10	18
386	262	9	17
385	262	10	16
385	261	10	16
385	261	11	16
385	261	10	15
385	262	10	15
386	261	10	15
385	261	9	14
385	261	10	15
385	262	10	15
386	262	10	16
385	261	10	16
385	261	10	16
385	261	9	16
385	261	10	16
385	261	10	16
385	263	10	15
385	262	10	15
385	261	10	14
385	262	10	14
386	262	10	14
385	261	10	14
385	262	10	14
385	262	10	13
385	261	10	15
385	262	10	16
385	262	10	15
385	262	10	17
385	262	10	16
385	261	10	16
385	261	10	16
385	261	10	16
385	261	10	14
385	262	10	14
384	261	10	15
385	261	10	15
386	262	10	14
385	262	9	14
385	261	10	16
385	262	10	16
385	263	9	16
385	263	10	15
386	262	9	15
385	261	9	17
386	262	10	17
385	262	10	16
385	262	11	17
385	261	10	16
385	262	10	15
385	261	10	16
385	262	10	16
386	262	10	15
385	261	10	15
385	261	10	14
386	262	10	15
385	261	10	16
385	262	10	16
385	263	10	15
385	261	10	16
385	262	10	14
385	262	10	14
384	262	10	15
386	262	10	16
385	261	10	17
386	262	9	16
386	261	10	15
385	261	9	17
386	262	10	17
385	262	10	16
386	262	10	14
385	262	10	16
386	262	10	16
387	261	9	16
386	261	10	15
385	262	10	15
385	261	10	15
385	262	10	16
386	261	9	17
385	262	10	17
385	262	10	16
385	262	10	15
385	262	10	16
386	262	10	17
386	262	10	16
386	262	9	16
