467	222	74	139
457	219	70	144
466	223	71	140
473	226	70	137
464	231	67	129
458	228	70	118
463	230	71	118
464	234	71	122
461	235	65	123
461	230	69	117
460	237	74	109
460	238	72	109
456	238	67	112
457	231	66	119
462	236	79	112
467	235	78	123
472	244	76	121
484	237	75	120
484	231	75	122
460	229	73	128
456	231	76	124
464	228	59	132
456	238	55	115
459	238	58	124
450	234	66	118
452	222	60	137
447	221	69	123
445	229	67	127
445	223	67	133
446	229	65	137
447	223	63	143
452	225	57	140
449	225	62	134
450	225	61	124
452	224	60	137
445	223	69	129
442	222	74	138
446	223	64	130
450	223	63	126
443	222	69	131
446	225	66	123
447	223	65	129
448	225	65	123
449	227	64	122
446	224	68	138
447	231	65	122
444	229	68	128
438	214	58	122
440	215	58	114
442	217	58	119
439	222	55	109
443	219	52	104
438	228	55	94
440	231	50	92
445	227	55	85
433	232	60	87
438	234	48	91
441	223	53	86
435	225	57	94
432	230	57	103
437	213	59	103
442	231	47	107
443	219	43	117
452	225	38	121
449	219	37	120
450	236	39	116
443	223	45	122
440	243	50	107
440	241	52	113
438	244	54	104
436	245	54	94
434	236	53	90
432	242	61	84
434	244	59	85
437	244	55	87
439	250	51	76
438	254	53	74
443	267	46	59
434	272	54	54
438	273	54	52
433	272	57	52
437	274	55	50
437	275	48	50
434	283	56	42
444	272	58	43
445	263	60	49
437	267	69	53
446	244	71	55
461	222	72	64
458	300	68	73
458	300	68	73
458	300	68	73
448	174	74	78
437	155	83	91
435	137	86	110
436	133	84	114
439	254	84	121
437	203	79	140
508	242	75	157
508	242	75	157
508	242	75	157
508	242	75	157
441	230	78	157
444	186	71	175
440	189	77	182
440	189	77	182
476	236	111	173
493	261	98	143
507	263	80	135
496	265	87	128
512	254	76	141
508	244	78	147
480	239	108	157
477	235	108	161
483	219	104	178
484	219	98	183
476	209	110	192
471	216	113	190
484	201	101	200
481	218	102	185
473	206	113	198
491	210	92	188
486	206	96	193
478	209	106	198
479	201	106	206
477	201	106	207
473	202	109	207
485	208	96	195
487	204	97	200
483	197	100	210
486	207	99	197
481	218	106	192
485	210	99	191
465	223	119	184
491	214	99	188
476	205	112	198
459	218	125	187
477	229	111	180
500	234	86	170
508	226	77	176
511	229	74	176
514	216	69	183
502	219	82	184
484	214	98	189
496	229	89	168
511	240	73	163
505	239	79	160
506	234	78	166
473	230	112	161
466	224	121	172
462	226	128	193
470	210	119	205
458	209	131	194
455	185	130	221
465	177	124	238
475	185	111	231
468	197	117	210
455	196	132	214
484	189	100	217
476	190	112	224
470	198	116	208
464	182	121	229
472	164	113	254
458	146	126	272
468	137	138	281
471	108	164	299
460	156	159	258
453	161	182	247
464	123	172	278
452	124	185	290
445	155	186	257
445	126	194	282
451	120	191	275
442	165	153	252
455	186	128	222
463	189	121	222
455	189	134	233
456	164	162	241
447	167	152	239
447	162	175	239
453	133	188	273
446	147	176	261
449	128	195	278
442	137	187	273
451	134	192	276
443	128	190	282
463	122	183	284
444	120	195	290
431	118	207	285
453	115	181	286
440	135	160	285
436	182	152	233
441	208	173	203
450	213	142	203
455	212	128	200
467	217	125	193
470	218	117	195
480	222	106	190
487	221	100	192
489	224	97	184
498	212	87	197
496	202	88	204
488	193	96	214
492	205	91	205
509	196	72	213
490	215	92	193
467	216	116	190
453	209	135	197
457	215	129	194
457	209	133	199
463	210	119	204
451	212	135	201
444	194	143	218
443	203	134	207
449	206	140	204
444	180	138	234
462	146	173	252
457	172	169	237
452	171	148	239
452	178	153	226
457	178	134	239
465	143	173	256
470	144	167	265
454	141	172	276
455	169	166	244
449	169	167	233
464	167	157	238
448	178	134	232
448	195	133	234
449	207	131	215
455	215	128	199
453	217	136	189
442	211	141	198
447	212	140	203
452	215	132	194
451	217	135	195
453	213	129	207
452	216	138	196
448	215	136	206
455	218	138	202
446	218	136	202
452	220	138	205
453	224	137	194
456	224	133	198
455	222	135	203
461	225	127	203
459	230	129	196
468	230	121	193
455	226	133	195
462	226	130	196
459	227	126	195
465	229	130	193
449	228	136	197
457	227	139	190
448	213	138	213
448	187	146	227
458	203	129	211
450	204	135	209
447	201	148	212
453	198	134	214
461	208	125	196
458	209	133	197
460	210	127	199
460	204	129	206
454	194	132	220
457	195	129	215
460	194	130	223
454	198	133	212
453	191	141	220
459	210	130	195
475	206	110	202
486	200	99	206
473	209	110	204
474	183	113	227
460	185	127	233
483	210	105	199
479	203	106	200
484	208	101	194
484	212	100	190
491	204	94	196
500	196	83	209
502	202	82	198
512	210	71	194
519	227	64	181
515	226	71	182
511	222	78	186
507	219	77	185
513	217	75	193
498	208	87	199
477	213	110	190
464	194	121	220
463	208	118	198
460	210	131	193
454	196	128	215
457	199	134	207
455	197	133	220
451	204	136	212
443	200	140	214
449	189	144	225
456	195	144	214
449	200	136	212
461	200	127	212
474	180	115	223
453	184	137	230
462	183	126	223
452	188	128	231
454	189	135	220
454	196	135	213
451	207	139	205
460	207	130	205
445	186	145	233
451	190	136	218
449	189	140	225
437	187	151	227
434	183	164	225
431	187	157	225
439	190	165	215
442	198	147	219
440	189	147	221
454	197	156	210
448	196	146	216
458	212	129	204
450	209	146	199
450	206	137	205
460	206	123	202
454	207	136	202
451	208	139	200
453	199	132	215
448	201	144	209
454	203	134	210
449	199	139	214
456	202	130	208
463	188	129	228
476	187	111	223
459	183	130	225
456	187	147	227
453	193	140	214
448	199	140	213
452	194	132	219
454	192	146	216
466	197	124	215
451	180	135	235
451	198	134	208
453	183	134	235
453	173	164	233
445	171	184	232
452	171	186	240
449	196	145	216
452	205	136	207
464	195	126	217
461	201	128	204
453	202	134	206
454	211	136	198
446	207	145	201
