-1	-1	-1	-1
-1	-1	-1	-1
-1	-1	-1	-1
-1	-1	-1	-1
-1	-1	-1	-1
-1	-1	-1	-1
-1	-1	-1	-1
-1	-1	-1	-1
-1	-1	-1	-1
-1	-1	-1	-1
-1	-1	-1	-1
-1	-1	-1	-1
-1	-1	-1	-1
-1	-1	-1	-1
-1	-1	-1	-1
-1	-1	-1	-1
-1	-1	-1	-1
-1	-1	-1	-1
-1	-1	-1	-1
-1	-1	-1	-1
-1	-1	-1	-1
-1	-1	-1	-1
-1	-1	-1	-1
-1	-1	-1	-1
-1	-1	-1	-1
-1	-1	-1	-1
-1	-1	-1	-1
-1	-1	-1	-1
-1	-1	-1	-1
-1	-1	-1	-1
-1	-1	-1	-1
-1	-1	-1	-1
-1	-1	-1	-1
-1	-1	-1	-1
-1	-1	-1	-1
-1	-1	-1	-1
-1	-1	-1	-1
-1	-1	-1	-1
-1	-1	-1	-1
-1	-1	-1	-1
-1	-1	-1	-1
-1	-1	-1	-1
-1	-1	-1	-1
-1	-1	-1	-1
-1	-1	-1	-1
-1	-1	-1	-1
-1	-1	-1	-1
-1	-1	-1	-1
-1	-1	-1	-1
-1	-1	-1	-1
-1	-1	-1	-1
-1	-1	-1	-1
-1	-1	-1	-1
-1	-1	-1	-1
-1	-1	-1	-1
-1	-1	-1	-1
-1	-1	-1	-1
-1	-1	-1	-1
-1	-1	-1	-1
-1	-1	-1	-1
-1	-1	-1	-1
-1	-1	-1	-1
-1	-1	-1	-1
-1	-1	-1	-1
-1	-1	-1	-1
-1	-1	-1	-1
-1	-1	-1	-1
-1	-1	-1	-1
-1	-1	-1	-1
-1	-1	-1	-1
-1	-1	-1	-1
-1	-1	-1	-1
-1	-1	-1	-1
-1	-1	-1	-1
-1	-1	-1	-1
-1	-1	-1	-1
-1	-1	-1	-1
-1	-1	-1	-1
-1	-1	-1	-1
-1	-1	-1	-1
-1	-1	-1	-1
-1	-1	-1	-1
-1	-1	-1	-1
-1	-1	-1	-1
-1	-1	-1	-1
-1	-1	-1	-1
-1	-1	-1	-1
-1	-1	-1	-1
-1	-1	-1	-1
-1	-1	-1	-1
-1	-1	-1	-1
-1	-1	-1	-1
-1	-1	-1	-1
-1	-1	-1	-1
-1	-1	-1	-1
-1	-1	-1	-1
-1	-1	-1	-1
-1	-1	-1	-1
-1	-1	-1	-1
-1	-1	-1	-1
-1	-1	-1	-1
-1	-1	-1	-1
-1	-1	-1	-1
-1	-1	-1	-1
-1	-1	-1	-1
-1	-1	-1	-1
-1	-1	-1	-1
-1	-1	-1	-1
-1	-1	-1	-1
-1	-1	-1	-1
-1	-1	-1	-1
-1	-1	-1	-1
-1	-1	-1	-1
-1	-1	-1	-1
-1	-1	-1	-1
-1	-1	-1	-1
-1	-1	-1	-1
-1	-1	-1	-1
-1	-1	-1	-1
-1	-1	-1	-1
-1	-1	-1	-1
-1	-1	-1	-1
-1	-1	-1	-1
-1	-1	-1	-1
-1	-1	-1	-1
-1	-1	-1	-1
-1	-1	-1	-1
-1	-1	-1	-1
300	169	58	21
294	168	61	16
292	165	63	18
290	169	63	17
290	169	63	17
290	169	63	17
290	169	63	17
290	169	63	17
290	169	63	17
290	169	63	17
290	169	63	17
290	169	63	17
290	169	63	17
290	169	63	17
290	168	61	18
294	173	55	12
306	173	50	11
306	173	50	11
306	173	50	11
306	173	50	11
306	173	50	11
306	173	50	11
306	173	50	11
306	173	50	11
296	173	52	12
309	177	52	16
299	168	52	19
296	170	54	16
294	172	54	14
299	174	49	11
299	175	53	11
295	175	53	11
296	174	50	12
297	173	49	13
295	173	52	12
296	173	51	13
299	175	51	11
297	175	53	11
300	174	49	11
300	174	50	10
301	174	50	11
300	174	51	11
295	174	55	12
292	175	56	12
292	174	57	11
292	174	58	12
291	175	57	11
294	175	58	10
292	174	59	11
293	173	56	12
293	175	57	11
295	175	57	11
291	176	55	10
296	176	48	9
303	176	47	9
303	176	47	9
303	176	48	10
302	175	48	9
302	175	49	9
299	175	54	9
297	175	56	10
295	175	55	10
297	175	56	10
296	175	57	11
293	175	59	10
293	175	59	10
293	174	59	11
293	174	59	11
293	174	59	11
292	179	56	14
294	180	52	17
295	180	59	15
296	186	57	16
293	178	59	19
293	178	59	19
293	178	59	19
293	170	61	18
290	172	61	13
288	170	60	14
291	170	60	14
290	173	62	11
290	175	61	10
291	173	62	12
289	173	62	11
292	174	60	11
292	173	60	11
294	173	58	12
294	174	58	10
295	174	56	11
294	174	58	11
293	175	59	11
291	173	60	12
292	173	57	11
292	173	59	11
292	173	59	13
292	173	60	12
291	174	61	11
289	174	63	11
290	173	63	11
292	174	61	11
293	175	59	11
293	174	61	11
292	173	60	11
293	173	57	11
296	175	55	10
297	175	55	10
294	175	57	10
295	175	57	10
294	175	59	11
295	174	58	10
294	175	57	11
292	174	59	11
295	174	58	10
293	175	59	10
291	174	61	10
294	172	58	12
293	173	58	12
293	173	57	11
294	174	59	11
292	171	60	13
292	172	60	13
294	174	57	11
292	175	61	11
294	174	58	10
295	173	57	11
295	174	57	11
296	175	56	11
294	174	58	10
295	175	59	10
293	175	59	10
294	175	58	11
294	173	58	12
291	173	60	11
290	174	60	11
290	173	61	13
292	170	59	15
292	170	61	16
290	168	61	17
292	168	58	16
295	168	57	17
293	170	59	14
291	173	62	12
291	174	62	11
288	174	63	11
288	174	64	11
290	173	64	11
290	174	60	11
290	174	62	11
291	173	61	13
291	169	61	16
289	170	62	14
288	170	62	14
288	172	62	11
291	174	62	11
287	172	63	12
289	172	63	12
290	173	61	11
290	174	59	11
290	173	61	11
291	174	59	10
292	174	59	11
292	173	58	13
292	173	58	11
293	171	58	14
293	172	59	13
289	173	61	11
291	173	59	13
293	173	56	12
294	173	55	11
293	173	59	12
294	174	57	11
295	174	58	11
293	172	58	12
295	173	56	12
293	173	60	11
293	174	60	11
292	175	61	11
290	173	63	12
290	173	61	12
291	172	58	12
291	172	61	12
294	172	57	12
291	173	58	12
292	174	59	10
291	175	61	10
292	173	60	12
289	174	62	11
288	173	64	13
287	173	64	11
289	173	63	12
288	172	64	12
290	174	63	12
290	172	63	13
289	172	63	12
288	172	62	12
288	173	63	12
291	173	61	13
292	172	60	14
290	174	61	11
290	173	62	11
288	173	65	11
286	173	65	12
289	173	63	13
290	173	62	12
291	174	60	11
292	173	59	12
290	173	60	11
292	174	58	11
290	174	61	11
292	173	59	11
292	173	59	12
291	173	60	11
290	174	62	11
291	173	61	11
291	173	60	11
291	174	60	12
292	175	59	10
293	175	59	10
290	175	61	10
292	174	59	11
292	174	59	11
294	172	57	12
293	174	59	11
295	174	58	10
295	174	57	12
292	174	61	11
294	174	59	11
290	173	60	12
294	174	58	10
293	174	57	11
296	173	55	11
295	174	56	12
294	173	57	12
294	174	59	11
291	173	59	11
292	173	60	12
293	173	59	11
290	174	61	11
289	173	63	11
289	173	65	12
289	173	62	11
293	173	60	11
292	174	60	11
290	171	62	14
292	168	59	17
291	169	63	15
286	173	62	12
290	173	59	12
292	173	59	12
288	173	54	12
295	172	50	13
297	176	52	10
298	176	55	9
291	174	56	11
291	171	54	13
294	176	52	9
297	177	47	9
298	177	43	8
297	175	42	9
300	174	38	10
302	175	35	10
300	176	37	11
302	175	37	8
301	176	38	9
302	174	41	11
301	174	40	9
301	174	39	9
300	175	39	10
298	177	44	14
301	173	41	13
301	174	40	12
302	175	36	13
301	175	36	9
301	174	37	9
300	174	37	7
300	174	39	8
299	174	38	8
301	174	40	9
300	175	39	8
301	175	41	8
300	175	39	7
300	174	39	9
300	174	41	7
299	174	41	7
299	174	43	7
298	174	42	7
299	174	42	8
298	174	43	8
300	174	42	9
298	174	42	9
300	174	43	8
300	174	43	9
300	174	44	9
298	175	44	9
300	176	44	8
301	175	44	8
299	175	45	9
300	175	43	9
301	175	43	9
299	176	44	8
299	175	43	9
300	175	43	9
300	175	44	9
300	174	42	9
299	174	44	8
299	174	44	8
300	174	43	7
300	174	42	8
297	174	45	8
298	176	45	8
300	176	44	9
299	174	42	10
299	173	43	10
299	175	44	8
299	175	44	9
301	174	42	10
301	175	41	9
301	175	37	11
300	175	38	10
299	174	39	10
298	174	41	10
298	175	41	10
300	174	40	10
300	175	40	8
299	175	42	10
299	175	41	9
302	176	38	9
301	175	36	10
301	174	36	14
303	174	34	11
303	175	38	10
303	175	36	13
303	174	35	14
302	174	36	15
302	174	35	13
302	173	35	13
303	175	36	13
302	175	36	14
303	174	37	14
300	174	40	9
299	176	40	9
300	174	36	9
301	173	38	9
302	174	40	10
300	174	36	10
302	174	35	9
300	175	37	8
300	174	37	8
300	174	42	9
299	174	42	8
301	174	43	9
299	175	44	9
300	175	42	10
301	175	44	9
300	176	44	8
300	175	42	9
300	175	45	9
301	174	44	9
301	175	44	8
301	174	44	9
300	175	44	9
301	174	45	9
301	175	42	9
299	174	43	9
300	174	42	9
300	174	44	8
299	174	45	8
299	174	46	9
300	174	43	9
301	174	43	7
301	174	42	9
300	174	45	9
301	175	42	9
301	175	42	10
301	174	43	9
301	174	42	8
301	174	41	8
300	174	43	9
299	175	41	9
300	174	43	9
302	175	43	9
301	175	42	9
300	174	42	10
301	174	43	10
299	175	43	9
299	176	46	8
301	174	42	8
303	175	42	7
302	175	39	8
300	175	42	8
301	176	43	8
302	175	42	8
300	175	43	9
297	174	45	9
298	175	45	9
299	176	45	8
298	176	45	8
299	174	45	8
299	174	44	8
301	174	43	8
299	174	41	9
300	175	42	10
300	175	43	9
299	175	42	9
302	174	42	9
300	174	41	8
299	174	43	8
299	174	44	8
299	174	44	9
302	174	43	10
299	175	43	10
298	174	41	11
300	174	38	9
301	174	38	10
301	174	42	11
301	174	39	10
300	174	40	10
301	174	39	10
301	174	41	10
301	174	41	9
302	174	44	8
298	174	47	8
298	174	46	8
299	174	45	8
301	175	43	8
299	174	42	9
299	174	43	13
300	174	42	12
300	174	41	10
300	175	39	9
302	174	37	10
301	174	37	9
300	175	37	8
302	175	40	8
302	174	41	8
300	175	43	8
299	176	45	8
298	176	44	8
300	175	43	9
300	176	42	8
298	175	42	8
301	176	42	8
300	175	43	8
299	175	45	8
300	175	42	9
298	174	41	9
300	175	43	9
300	175	42	9
299	175	42	8
299	175	44	8
299	175	43	8
300	174	43	8
300	175	43	8
298	176	44	8
298	174	45	9
298	175	46	8
299	176	44	8
298	174	44	8
297	175	45	10
298	175	43	9
298	174	44	8
298	174	45	9
299	175	42	9
300	176	43	9
298	174	42	9
299	175	43	8
298	175	45	8
299	175	44	8
299	175	43	7
300	174	42	8
