343	110	27	78
347	83	22	70
360	62	16	61
384	48	25	60
384	48	25	60
384	48	25	60
384	48	25	60
384	48	25	60
384	48	25	60
384	48	25	60
384	48	25	60
384	48	25	60
384	48	25	60
384	48	25	60
384	48	25	60
384	48	25	60
384	48	25	60
384	48	25	60
384	48	25	60
384	48	25	60
384	48	25	60
384	48	25	60
384	48	25	60
384	48	25	60
384	48	25	60
384	48	25	60
384	48	25	60
384	48	25	60
384	48	25	60
384	48	25	60
384	48	25	60
398	83	34	61
410	72	41	62
417	63	43	64
411	66	40	70
414	62	46	90
413	65	49	88
403	72	29	82
401	89	25	71
404	81	26	72
408	67	29	67
408	67	29	67
417	78	28	65
419	85	30	61
419	84	33	60
419	82	32	63
419	85	30	64
419	87	29	66
419	86	27	66
417	92	31	54
411	104	31	44
407	116	31	40
408	141	26	36
410	145	24	58
408	146	28	61
404	147	26	64
367	127	25	79
322	129	19	79
322	129	19	79
322	129	19	79
262	47	25	70
262	47	25	70
262	47	25	70
262	47	25	70
262	47	25	70
262	47	25	70
262	47	25	70
262	47	25	70
262	47	25	70
262	47	25	70
262	47	25	70
262	47	25	70
262	47	25	70
262	47	25	70
262	47	25	70
262	47	25	70
262	47	25	70
262	47	25	70
262	47	25	70
262	47	25	70
352	170	29	62
345	176	37	55
350	178	29	54
343	177	29	50
344	170	36	62
344	159	33	72
344	159	33	72
344	159	33	72
344	159	33	72
339	159	33	67
334	158	43	65
334	158	43	65
338	139	62	77
345	157	53	72
342	150	38	82
344	147	52	77
398	204	55	63
398	204	55	63
398	204	55	63
398	204	55	63
422	154	54	60
337	160	53	69
337	160	53	69
337	160	53	69
336	96	57	87
390	112	47	78
435	127	44	88
449	134	43	93
451	145	37	96
456	143	51	94
455	156	45	88
445	142	34	83
461	156	32	87
461	159	40	86
457	159	36	87
459	150	23	92
458	149	21	95
459	154	23	92
459	151	22	88
459	151	20	91
458	149	20	93
458	154	21	89
454	160	27	90
457	166	31	86
453	162	42	84
445	157	33	92
440	163	35	83
427	142	24	70
418	138	20	66
415	131	26	53
409	125	28	46
407	124	23	36
405	121	21	40
409	126	21	36
415	122	22	37
415	122	22	38
411	122	23	37
408	119	22	37
407	115	20	39
405	117	22	36
403	119	24	36
401	118	28	36
403	110	25	39
405	110	25	38
405	108	23	39
405	112	26	37
403	112	26	34
400	117	29	32
400	114	29	35
396	112	26	39
400	107	30	42
396	97	33	50
400	86	29	66
401	88	29	66
400	84	29	71
399	84	30	67
398	83	30	68
399	83	28	68
399	82	27	66
398	78	27	72
398	76	26	72
400	75	24	75
397	77	30	74
397	79	29	72
400	85	31	61
401	72	23	78
402	66	21	83
402	65	21	85
403	65	23	84
403	68	21	84
402	67	25	82
401	66	26	84
402	66	25	83
405	67	23	83
405	66	23	86
408	67	19	82
406	70	21	80
404	68	22	82
405	67	24	83
403	67	24	83
403	69	25	82
406	66	24	82
404	66	24	85
404	67	23	82
406	65	23	83
406	66	22	81
407	68	22	82
405	66	23	85
404	69	27	84
402	66	25	83
408	66	22	81
407	64	21	82
409	67	20	84
407	67	21	82
405	68	26	82
406	66	22	83
406	66	26	83
405	65	25	82
406	64	26	83
407	63	20	84
408	67	24	81
409	66	21	83
408	65	22	82
407	69	25	81
408	64	28	83
408	67	25	81
409	65	21	81
409	66	24	81
408	68	24	80
410	65	23	80
409	67	24	79
409	66	23	81
409	64	25	83
409	65	22	82
410	64	27	83
409	65	25	82
411	65	24	83
409	64	24	85
409	62	28	82
409	62	26	85
408	65	26	82
407	65	28	82
407	66	31	80
408	64	29	83
406	65	30	83
406	67	31	80
407	68	32	80
406	65	31	82
403	71	35	77
403	73	36	74
408	74	31	71
409	76	29	70
409	62	23	84
410	64	23	82
410	63	26	82
407	60	26	84
407	63	31	82
408	66	31	79
408	71	31	73
409	72	34	71
410	74	34	69
407	76	42	68
407	77	44	69
405	74	36	72
404	74	42	73
404	78	31	69
404	69	28	79
406	73	29	72
405	68	27	77
407	66	25	79
406	63	25	83
407	66	26	77
404	75	31	71
405	75	29	71
408	69	32	76
406	76	27	72
407	73	28	73
406	76	29	72
405	75	31	73
405	73	33	74
406	66	29	80
405	73	26	77
405	65	29	83
406	73	30	75
404	69	28	75
405	76	28	71
404	75	29	71
405	76	30	71
407	75	25	71
411	67	20	80
411	62	20	86
412	61	19	87
410	62	19	87
408	65	24	83
409	65	21	83
407	67	26	82
406	74	29	72
405	73	34	73
406	74	26	74
406	63	23	84
407	66	24	84
404	63	25	85
407	62	24	86
408	64	23	84
406	63	25	85
404	59	28	90
402	67	31	80
408	58	21	89
405	63	26	85
406	59	23	87
408	62	25	86
407	57	24	88
406	55	25	92
405	64	27	85
405	65	29	83
404	65	27	83
406	65	26	81
408	64	25	84
406	63	26	83
407	61	28	84
406	66	31	79
410	67	39	74
409	69	33	73
409	72	36	71
409	67	32	77
409	66	29	80
410	63	24	84
410	61	24	84
409	64	28	79
410	67	35	74
410	73	34	70
409	66	30	79
410	67	38	76
410	73	31	71
410	63	30	79
410	66	33	76
410	65	41	74
410	69	45	73
411	68	42	72
406	71	36	72
411	67	41	72
411	67	45	73
410	69	43	74
410	67	42	77
411	68	40	78
411	67	38	77
410	69	32	70
411	64	38	76
410	68	36	72
411	72	41	67
412	69	44	69
411	69	40	72
411	67	33	74
411	65	35	78
411	68	34	76
410	72	34	70
410	67	36	75
410	69	42	70
411	68	39	72
411	67	35	72
411	70	38	68
412	68	37	68
413	65	42	77
411	58	36	82
414	49	32	83
415	38	28	75
417	45	34	69
417	45	29	58
416	45	28	60
416	45	26	58
416	43	27	57
416	43	27	59
416	42	27	63
417	46	24	60
416	41	27	64
417	40	31	72
418	32	28	78
417	30	29	76
417	30	29	74
417	32	30	77
416	33	30	68
416	47	26	53
416	47	26	55
416	43	26	60
416	44	26	57
416	42	27	64
417	43	26	64
415	36	30	68
416	46	28	57
416	38	28	65
416	46	28	57
416	44	27	58
416	47	26	54
415	47	27	54
416	47	26	55
416	48	26	54
416	48	26	54
416	48	26	53
416	47	27	54
416	48	26	56
416	48	25	59
416	47	27	61
417	43	29	65
417	49	28	62
417	48	29	58
417	48	29	61
418	48	29	59
418	47	29	65
418	34	29	76
417	36	30	71
417	50	30	61
418	46	28	63
417	47	29	64
419	48	29	65
419	52	28	66
420	53	28	66
420	53	29	66
422	56	34	65
423	61	27	63
426	61	26	62
428	62	26	62
428	63	27	60
429	66	26	59
429	57	28	55
430	68	26	66
435	88	28	55
445	113	32	53
453	120	29	50
454	122	30	44
453	101	33	59
461	84	33	55
471	77	34	55
473	81	37	55
468	87	36	58
466	106	35	65
465	95	36	56
465	95	37	56
466	98	39	56
465	99	39	58
468	107	38	71
469	101	35	79
470	101	35	78
469	103	36	80
468	101	38	73
470	102	32	78
469	101	35	72
469	102	36	79
471	101	33	72
469	103	38	78
469	105	35	80
471	108	35	78
471	104	34	80
471	105	32	77
470	108	33	80
470	109	32	73
470	111	34	77
464	123	35	67
459	145	35	65
456	146	44	73
444	137	46	79
440	130	38	76
432	113	40	65
433	111	35	67
434	104	39	64
434	109	35	47
435	111	36	41
434	110	39	41
435	111	41	42
435	112	42	40
437	108	43	43
438	114	39	39
438	111	41	41
439	106	43	44
440	106	41	41
442	102	44	44
444	102	42	43
444	103	42	42
444	102	42	43
443	102	43	44
443	104	42	42
444	102	42	45
444	106	44	41
445	107	43	43
447	109	44	41
450	134	45	43
466	167	42	65
470	159	49	82
466	135	39	105
466	132	34	105
464	138	45	99
464	142	50	98
464	142	51	98
463	139	52	100
465	143	50	96
465	136	42	105
465	142	51	99
467	143	48	97
468	130	35	109
469	136	33	97
467	135	34	99
468	139	46	101
467	139	41	101
467	140	43	101
470	139	30	103
469	136	31	100
467	135	32	100
467	133	31	100
468	132	32	99
470	139	27	100
470	142	28	98
468	138	28	100
466	147	31	92
462	144	35	97
454	145	47	96
448	139	45	77
439	125	47	81
435	116	43	76
436	112	39	78
437	114	39	74
436	115	38	71
435	118	38	57
435	121	43	47
436	123	36	45
437	121	41	44
437	117	43	47
438	116	42	49
438	116	42	47
439	113	43	47
440	111	43	43
440	111	42	45
440	110	42	45
442	111	41	43
440	112	43	44
441	113	43	47
441	115	41	46
440	114	43	44
441	112	42	45
442	110	43	43
442	111	42	45
443	110	42	45
442	111	43	46
443	110	44	46
443	110	43	45
443	110	43	45
443	111	43	44
443	118	41	46
455	161	42	67
465	175	47	75
466	156	48	86
468	154	49	88
472	159	39	84
470	162	50	82
469	155	44	89
468	143	29	98
469	150	29	91
468	149	26	91
470	147	29	93
470	147	29	95
473	148	30	93
471	155	34	87
469	146	30	95
469	146	34	96
469	146	29	96
468	147	30	95
469	148	26	94
467	151	27	92
469	149	29	94
467	149	27	93
464	149	30	89
460	170	36	79
445	151	44	76
434	137	43	75
427	115	40	75
424	105	37	75
422	106	35	73
424	106	34	72
425	107	33	72
424	110	33	70
425	114	35	52
426	116	37	42
434	125	38	47
453	167	39	59
463	164	43	71
467	164	31	77
466	144	32	96
468	146	29	95
469	149	28	93
465	147	29	93
464	146	33	92
463	147	33	91
465	156	31	85
461	147	35	95
459	149	47	90
457	153	47	91
443	144	47	80
438	129	46	79
435	113	44	76
435	105	43	76
435	106	41	76
434	109	39	66
431	115	38	46
432	119	35	44
432	119	36	40
433	118	34	46
433	115	39	45
434	114	40	44
433	116	40	45
433	111	41	45
434	109	39	44
434	107	41	44
434	108	43	42
435	108	40	44
435	109	41	42
433	109	41	43
434	106	40	43
434	107	40	43
434	105	40	42
435	106	43	44
434	109	42	43
435	112	40	42
435	113	37	43
435	111	37	41
435	108	40	41
435	107	39	40
436	106	42	42
436	106	41	42
437	106	41	44
437	107	39	44
437	108	38	45
437	107	39	43
437	109	39	42
435	107	40	43
437	110	42	42
440	128	44	48
