-1	-1	-1	-1
-1	-1	-1	-1
-1	-1	-1	-1
-1	-1	-1	-1
-1	-1	-1	-1
-1	-1	-1	-1
-1	-1	-1	-1
-1	-1	-1	-1
-1	-1	-1	-1
-1	-1	-1	-1
-1	-1	-1	-1
-1	-1	-1	-1
-1	-1	-1	-1
-1	-1	-1	-1
-1	-1	-1	-1
-1	-1	-1	-1
-1	-1	-1	-1
-1	-1	-1	-1
-1	-1	-1	-1
-1	-1	-1	-1
-1	-1	-1	-1
-1	-1	-1	-1
-1	-1	-1	-1
-1	-1	-1	-1
-1	-1	-1	-1
-1	-1	-1	-1
-1	-1	-1	-1
-1	-1	-1	-1
-1	-1	-1	-1
-1	-1	-1	-1
-1	-1	-1	-1
-1	-1	-1	-1
-1	-1	-1	-1
-1	-1	-1	-1
-1	-1	-1	-1
-1	-1	-1	-1
-1	-1	-1	-1
-1	-1	-1	-1
-1	-1	-1	-1
-1	-1	-1	-1
-1	-1	-1	-1
-1	-1	-1	-1
-1	-1	-1	-1
-1	-1	-1	-1
-1	-1	-1	-1
-1	-1	-1	-1
-1	-1	-1	-1
-1	-1	-1	-1
-1	-1	-1	-1
-1	-1	-1	-1
-1	-1	-1	-1
-1	-1	-1	-1
-1	-1	-1	-1
-1	-1	-1	-1
-1	-1	-1	-1
-1	-1	-1	-1
-1	-1	-1	-1
-1	-1	-1	-1
-1	-1	-1	-1
-1	-1	-1	-1
-1	-1	-1	-1
-1	-1	-1	-1
-1	-1	-1	-1
-1	-1	-1	-1
-1	-1	-1	-1
-1	-1	-1	-1
-1	-1	-1	-1
-1	-1	-1	-1
-1	-1	-1	-1
-1	-1	-1	-1
-1	-1	-1	-1
-1	-1	-1	-1
-1	-1	-1	-1
-1	-1	-1	-1
-1	-1	-1	-1
-1	-1	-1	-1
-1	-1	-1	-1
-1	-1	-1	-1
-1	-1	-1	-1
-1	-1	-1	-1
-1	-1	-1	-1
-1	-1	-1	-1
-1	-1	-1	-1
-1	-1	-1	-1
-1	-1	-1	-1
-1	-1	-1	-1
-1	-1	-1	-1
-1	-1	-1	-1
-1	-1	-1	-1
-1	-1	-1	-1
-1	-1	-1	-1
-1	-1	-1	-1
-1	-1	-1	-1
-1	-1	-1	-1
-1	-1	-1	-1
-1	-1	-1	-1
-1	-1	-1	-1
-1	-1	-1	-1
-1	-1	-1	-1
-1	-1	-1	-1
-1	-1	-1	-1
-1	-1	-1	-1
-1	-1	-1	-1
-1	-1	-1	-1
-1	-1	-1	-1
-1	-1	-1	-1
-1	-1	-1	-1
-1	-1	-1	-1
-1	-1	-1	-1
-1	-1	-1	-1
-1	-1	-1	-1
-1	-1	-1	-1
-1	-1	-1	-1
-1	-1	-1	-1
-1	-1	-1	-1
-1	-1	-1	-1
-1	-1	-1	-1
-1	-1	-1	-1
-1	-1	-1	-1
-1	-1	-1	-1
-1	-1	-1	-1
-1	-1	-1	-1
-1	-1	-1	-1
-1	-1	-1	-1
-1	-1	-1	-1
-1	-1	-1	-1
-1	-1	-1	-1
-1	-1	-1	-1
-1	-1	-1	-1
-1	-1	-1	-1
-1	-1	-1	-1
-1	-1	-1	-1
-1	-1	-1	-1
-1	-1	-1	-1
-1	-1	-1	-1
-1	-1	-1	-1
-1	-1	-1	-1
-1	-1	-1	-1
-1	-1	-1	-1
-1	-1	-1	-1
-1	-1	-1	-1
-1	-1	-1	-1
-1	-1	-1	-1
-1	-1	-1	-1
-1	-1	-1	-1
-1	-1	-1	-1
-1	-1	-1	-1
-1	-1	-1	-1
-1	-1	-1	-1
-1	-1	-1	-1
-1	-1	-1	-1
-1	-1	-1	-1
-1	-1	-1	-1
-1	-1	-1	-1
-1	-1	-1	-1
-1	-1	-1	-1
-1	-1	-1	-1
-1	-1	-1	-1
-1	-1	-1	-1
-1	-1	-1	-1
-1	-1	-1	-1
-1	-1	-1	-1
-1	-1	-1	-1
-1	-1	-1	-1
-1	-1	-1	-1
-1	-1	-1	-1
-1	-1	-1	-1
-1	-1	-1	-1
-1	-1	-1	-1
-1	-1	-1	-1
-1	-1	-1	-1
-1	-1	-1	-1
-1	-1	-1	-1
-1	-1	-1	-1
-1	-1	-1	-1
-1	-1	-1	-1
-1	-1	-1	-1
-1	-1	-1	-1
-1	-1	-1	-1
-1	-1	-1	-1
-1	-1	-1	-1
-1	-1	-1	-1
-1	-1	-1	-1
-1	-1	-1	-1
-1	-1	-1	-1
-1	-1	-1	-1
-1	-1	-1	-1
-1	-1	-1	-1
-1	-1	-1	-1
-1	-1	-1	-1
-1	-1	-1	-1
-1	-1	-1	-1
-1	-1	-1	-1
-1	-1	-1	-1
-1	-1	-1	-1
-1	-1	-1	-1
-1	-1	-1	-1
-1	-1	-1	-1
-1	-1	-1	-1
-1	-1	-1	-1
-1	-1	-1	-1
-1	-1	-1	-1
-1	-1	-1	-1
-1	-1	-1	-1
-1	-1	-1	-1
-1	-1	-1	-1
-1	-1	-1	-1
-1	-1	-1	-1
-1	-1	-1	-1
-1	-1	-1	-1
-1	-1	-1	-1
-1	-1	-1	-1
-1	-1	-1	-1
-1	-1	-1	-1
-1	-1	-1	-1
-1	-1	-1	-1
-1	-1	-1	-1
-1	-1	-1	-1
-1	-1	-1	-1
-1	-1	-1	-1
-1	-1	-1	-1
-1	-1	-1	-1
-1	-1	-1	-1
-1	-1	-1	-1
-1	-1	-1	-1
-1	-1	-1	-1
-1	-1	-1	-1
-1	-1	-1	-1
-1	-1	-1	-1
-1	-1	-1	-1
-1	-1	-1	-1
-1	-1	-1	-1
-1	-1	-1	-1
-1	-1	-1	-1
-1	-1	-1	-1
-1	-1	-1	-1
-1	-1	-1	-1
-1	-1	-1	-1
-1	-1	-1	-1
-1	-1	-1	-1
-1	-1	-1	-1
-1	-1	-1	-1
-1	-1	-1	-1
-1	-1	-1	-1
-1	-1	-1	-1
-1	-1	-1	-1
-1	-1	-1	-1
-1	-1	-1	-1
-1	-1	-1	-1
-1	-1	-1	-1
-1	-1	-1	-1
-1	-1	-1	-1
-1	-1	-1	-1
-1	-1	-1	-1
-1	-1	-1	-1
-1	-1	-1	-1
-1	-1	-1	-1
-1	-1	-1	-1
-1	-1	-1	-1
-1	-1	-1	-1
-1	-1	-1	-1
-1	-1	-1	-1
-1	-1	-1	-1
-1	-1	-1	-1
-1	-1	-1	-1
-1	-1	-1	-1
-1	-1	-1	-1
-1	-1	-1	-1
-1	-1	-1	-1
-1	-1	-1	-1
-1	-1	-1	-1
-1	-1	-1	-1
-1	-1	-1	-1
-1	-1	-1	-1
-1	-1	-1	-1
-1	-1	-1	-1
-1	-1	-1	-1
-1	-1	-1	-1
-1	-1	-1	-1
-1	-1	-1	-1
-1	-1	-1	-1
-1	-1	-1	-1
-1	-1	-1	-1
-1	-1	-1	-1
-1	-1	-1	-1
-1	-1	-1	-1
-1	-1	-1	-1
-1	-1	-1	-1
-1	-1	-1	-1
-1	-1	-1	-1
-1	-1	-1	-1
-1	-1	-1	-1
-1	-1	-1	-1
-1	-1	-1	-1
-1	-1	-1	-1
-1	-1	-1	-1
-1	-1	-1	-1
-1	-1	-1	-1
-1	-1	-1	-1
-1	-1	-1	-1
-1	-1	-1	-1
-1	-1	-1	-1
-1	-1	-1	-1
-1	-1	-1	-1
-1	-1	-1	-1
-1	-1	-1	-1
-1	-1	-1	-1
-1	-1	-1	-1
-1	-1	-1	-1
-1	-1	-1	-1
-1	-1	-1	-1
-1	-1	-1	-1
-1	-1	-1	-1
-1	-1	-1	-1
-1	-1	-1	-1
-1	-1	-1	-1
-1	-1	-1	-1
-1	-1	-1	-1
-1	-1	-1	-1
-1	-1	-1	-1
-1	-1	-1	-1
-1	-1	-1	-1
339	109	28	13
339	101	29	21
389	125	32	21
392	104	40	28
390	108	62	26
388	108	64	28
390	109	69	26
387	109	87	28
391	134	95	25
383	109	93	33
388	132	95	30
389	132	96	29
388	135	99	27
387	114	90	35
389	131	98	30
389	134	96	29
388	132	99	30
388	133	99	30
389	132	98	30
378	114	87	25
388	130	97	30
389	130	97	32
388	133	96	30
388	135	98	28
391	134	94	27
311	106	86	19
330	105	70	18
315	108	58	14
337	108	44	13
340	109	28	12
339	112	28	9
340	113	26	9
339	112	27	9
339	112	27	9
338	112	30	10
337	112	31	9
337	114	32	8
336	116	33	6
339	118	31	6
336	116	33	7
338	117	32	9
340	116	30	6
336	117	35	8
340	117	30	7
337	116	33	6
338	115	30	7
337	116	32	8
335	116	32	10
336	115	31	7
340	116	29	7
358	114	30	8
342	115	23	6
342	115	23	6
340	116	26	7
340	116	26	7
342	114	32	7
339	113	35	9
339	113	35	9
339	113	35	9
339	113	35	9
337	114	32	10
336	111	23	11
340	112	20	9
340	114	16	7
341	114	18	7
340	114	20	8
340	114	20	8
340	114	20	8
340	114	20	8
330	120	19	8
330	120	19	8
330	120	19	8
330	120	19	8
330	120	19	8
330	120	19	8
330	120	19	8
330	120	19	8
330	120	19	8
337	107	16	11
337	107	16	11
337	107	16	11
337	107	16	11
339	108	23	13
337	106	32	15
337	104	35	18
337	104	36	17
338	100	33	21
335	104	38	19
341	102	40	12
341	104	41	9
340	102	40	11
341	102	33	12
341	100	28	13
339	106	30	10
340	102	32	11
339	102	34	12
340	104	34	10
340	106	30	8
338	111	30	10
340	102	31	10
341	101	34	12
338	104	36	16
340	100	34	14
337	110	33	12
340	100	35	14
340	102	34	17
341	99	34	14
339	102	31	18
340	100	34	13
337	110	32	12
341	101	35	11
339	109	30	9
340	102	35	11
338	104	37	12
338	101	36	11
336	110	33	12
340	103	33	8
340	104	34	7
339	106	34	9
336	109	34	12
338	111	32	10
338	103	36	16
336	101	38	20
341	104	37	18
342	105	34	16
340	104	36	16
340	106	38	14
337	104	46	17
336	100	41	22
335	102	41	21
335	101	40	20
339	101	38	16
336	102	40	20
340	99	37	16
341	102	37	11
340	100	37	13
339	102	38	11
340	102	36	11
338	105	37	8
337	111	31	11
337	110	32	12
336	110	32	11
337	112	31	10
336	113	31	10
339	114	29	8
339	111	27	10
350	105	27	15
338	103	33	18
338	100	38	21
341	85	35	18
336	99	43	21
335	101	53	19
335	101	57	20
335	101	57	21
335	102	58	22
336	93	57	17
335	101	57	20
335	103	56	19
335	102	56	20
336	101	56	20
335	101	57	21
335	101	56	21
335	101	57	22
334	100	56	22
336	102	55	19
334	83	54	20
337	81	56	20
338	81	36	23
341	79	37	33
347	82	30	38
344	86	32	34
344	88	30	31
339	92	37	29
340	95	30	27
337	100	36	21
339	102	30	20
340	102	28	19
339	102	30	20
341	104	28	18
340	103	28	20
339	84	30	16
340	100	28	21
341	100	28	22
340	86	28	15
340	109	27	12
340	111	28	11
338	109	29	13
338	112	30	10
339	112	29	9
339	110	29	11
339	112	28	9
339	111	29	10
339	111	28	10
339	111	27	10
339	111	27	10
339	110	28	11
339	111	27	11
338	112	28	10
339	111	27	9
340	87	33	11
340	102	30	19
339	108	29	14
339	110	29	11
339	111	29	10
337	111	31	10
337	111	33	11
336	111	34	11
337	110	35	12
335	108	34	14
337	103	31	19
338	101	30	20
340	101	29	20
338	98	30	23
338	101	31	20
337	97	33	23
337	97	34	24
337	99	34	22
338	101	31	21
340	100	30	22
339	85	41	16
338	95	43	25
337	104	56	18
336	110	56	11
338	110	57	11
336	107	57	13
336	107	57	13
336	104	56	16
336	108	56	13
338	111	56	10
338	110	55	10
338	110	54	10
339	109	55	11
337	108	57	12
338	109	57	11
338	110	57	11
338	110	55	11
339	110	56	10
338	110	56	10
338	110	58	11
337	109	57	11
337	111	57	10
338	111	56	9
339	109	57	12
337	110	57	11
337	110	57	10
337	110	56	10
338	111	56	10
338	110	56	10
337	110	58	10
337	108	57	12
336	110	57	10
337	110	56	10
336	109	56	11
338	111	56	10
337	111	56	11
337	111	56	10
339	112	55	10
337	111	57	10
337	110	57	11
336	108	58	13
336	108	58	13
336	106	57	15
335	110	58	11
336	108	58	14
336	105	56	16
336	107	58	14
335	107	58	14
335	107	58	14
335	106	57	15
336	108	57	14
336	108	57	14
336	107	57	15
335	106	58	15
335	108	59	13
337	110	57	11
336	110	58	11
338	111	56	10
339	111	56	10
340	111	57	10
338	110	58	11
338	109	57	12
339	110	57	10
338	111	56	10
337	111	58	11
339	111	57	10
337	108	58	12
336	106	58	14
336	106	58	14
336	105	58	16
336	109	56	12
338	106	57	15
337	109	56	12
337	107	57	14
337	108	57	12
337	108	57	12
337	108	57	13
336	105	57	15
340	112	54	9
339	106	56	12
338	101	56	18
337	100	55	21
337	100	54	21
337	100	54	20
336	100	56	20
337	100	55	21
336	103	56	18
337	109	46	12
339	113	42	8
