-1	-1	-1	-1
-1	-1	-1	-1
-1	-1	-1	-1
-1	-1	-1	-1
-1	-1	-1	-1
-1	-1	-1	-1
-1	-1	-1	-1
-1	-1	-1	-1
-1	-1	-1	-1
-1	-1	-1	-1
-1	-1	-1	-1
-1	-1	-1	-1
-1	-1	-1	-1
-1	-1	-1	-1
-1	-1	-1	-1
-1	-1	-1	-1
-1	-1	-1	-1
-1	-1	-1	-1
-1	-1	-1	-1
-1	-1	-1	-1
-1	-1	-1	-1
-1	-1	-1	-1
-1	-1	-1	-1
-1	-1	-1	-1
-1	-1	-1	-1
-1	-1	-1	-1
-1	-1	-1	-1
-1	-1	-1	-1
-1	-1	-1	-1
-1	-1	-1	-1
-1	-1	-1	-1
-1	-1	-1	-1
-1	-1	-1	-1
-1	-1	-1	-1
-1	-1	-1	-1
-1	-1	-1	-1
-1	-1	-1	-1
-1	-1	-1	-1
-1	-1	-1	-1
-1	-1	-1	-1
-1	-1	-1	-1
-1	-1	-1	-1
-1	-1	-1	-1
-1	-1	-1	-1
-1	-1	-1	-1
-1	-1	-1	-1
-1	-1	-1	-1
-1	-1	-1	-1
-1	-1	-1	-1
-1	-1	-1	-1
-1	-1	-1	-1
-1	-1	-1	-1
-1	-1	-1	-1
-1	-1	-1	-1
-1	-1	-1	-1
-1	-1	-1	-1
-1	-1	-1	-1
-1	-1	-1	-1
-1	-1	-1	-1
-1	-1	-1	-1
-1	-1	-1	-1
-1	-1	-1	-1
-1	-1	-1	-1
-1	-1	-1	-1
-1	-1	-1	-1
-1	-1	-1	-1
-1	-1	-1	-1
-1	-1	-1	-1
-1	-1	-1	-1
-1	-1	-1	-1
-1	-1	-1	-1
-1	-1	-1	-1
-1	-1	-1	-1
-1	-1	-1	-1
-1	-1	-1	-1
-1	-1	-1	-1
-1	-1	-1	-1
-1	-1	-1	-1
-1	-1	-1	-1
-1	-1	-1	-1
-1	-1	-1	-1
-1	-1	-1	-1
-1	-1	-1	-1
-1	-1	-1	-1
-1	-1	-1	-1
-1	-1	-1	-1
-1	-1	-1	-1
-1	-1	-1	-1
-1	-1	-1	-1
-1	-1	-1	-1
-1	-1	-1	-1
-1	-1	-1	-1
-1	-1	-1	-1
-1	-1	-1	-1
-1	-1	-1	-1
-1	-1	-1	-1
-1	-1	-1	-1
-1	-1	-1	-1
-1	-1	-1	-1
-1	-1	-1	-1
-1	-1	-1	-1
-1	-1	-1	-1
-1	-1	-1	-1
-1	-1	-1	-1
-1	-1	-1	-1
-1	-1	-1	-1
-1	-1	-1	-1
-1	-1	-1	-1
-1	-1	-1	-1
-1	-1	-1	-1
-1	-1	-1	-1
-1	-1	-1	-1
-1	-1	-1	-1
-1	-1	-1	-1
-1	-1	-1	-1
-1	-1	-1	-1
-1	-1	-1	-1
-1	-1	-1	-1
-1	-1	-1	-1
-1	-1	-1	-1
-1	-1	-1	-1
-1	-1	-1	-1
-1	-1	-1	-1
-1	-1	-1	-1
-1	-1	-1	-1
-1	-1	-1	-1
-1	-1	-1	-1
-1	-1	-1	-1
-1	-1	-1	-1
-1	-1	-1	-1
-1	-1	-1	-1
-1	-1	-1	-1
-1	-1	-1	-1
-1	-1	-1	-1
-1	-1	-1	-1
-1	-1	-1	-1
-1	-1	-1	-1
-1	-1	-1	-1
-1	-1	-1	-1
-1	-1	-1	-1
-1	-1	-1	-1
-1	-1	-1	-1
-1	-1	-1	-1
-1	-1	-1	-1
-1	-1	-1	-1
-1	-1	-1	-1
-1	-1	-1	-1
-1	-1	-1	-1
-1	-1	-1	-1
-1	-1	-1	-1
-1	-1	-1	-1
-1	-1	-1	-1
-1	-1	-1	-1
-1	-1	-1	-1
-1	-1	-1	-1
-1	-1	-1	-1
-1	-1	-1	-1
-1	-1	-1	-1
-1	-1	-1	-1
-1	-1	-1	-1
-1	-1	-1	-1
-1	-1	-1	-1
-1	-1	-1	-1
-1	-1	-1	-1
-1	-1	-1	-1
-1	-1	-1	-1
-1	-1	-1	-1
-1	-1	-1	-1
-1	-1	-1	-1
-1	-1	-1	-1
-1	-1	-1	-1
-1	-1	-1	-1
-1	-1	-1	-1
-1	-1	-1	-1
-1	-1	-1	-1
-1	-1	-1	-1
-1	-1	-1	-1
-1	-1	-1	-1
-1	-1	-1	-1
-1	-1	-1	-1
-1	-1	-1	-1
-1	-1	-1	-1
-1	-1	-1	-1
-1	-1	-1	-1
-1	-1	-1	-1
-1	-1	-1	-1
-1	-1	-1	-1
-1	-1	-1	-1
-1	-1	-1	-1
-1	-1	-1	-1
-1	-1	-1	-1
-1	-1	-1	-1
-1	-1	-1	-1
-1	-1	-1	-1
-1	-1	-1	-1
-1	-1	-1	-1
-1	-1	-1	-1
-1	-1	-1	-1
-1	-1	-1	-1
-1	-1	-1	-1
-1	-1	-1	-1
-1	-1	-1	-1
-1	-1	-1	-1
-1	-1	-1	-1
-1	-1	-1	-1
-1	-1	-1	-1
-1	-1	-1	-1
-1	-1	-1	-1
-1	-1	-1	-1
-1	-1	-1	-1
-1	-1	-1	-1
-1	-1	-1	-1
-1	-1	-1	-1
-1	-1	-1	-1
-1	-1	-1	-1
-1	-1	-1	-1
-1	-1	-1	-1
-1	-1	-1	-1
-1	-1	-1	-1
-1	-1	-1	-1
-1	-1	-1	-1
-1	-1	-1	-1
-1	-1	-1	-1
-1	-1	-1	-1
-1	-1	-1	-1
-1	-1	-1	-1
-1	-1	-1	-1
-1	-1	-1	-1
-1	-1	-1	-1
-1	-1	-1	-1
-1	-1	-1	-1
-1	-1	-1	-1
-1	-1	-1	-1
-1	-1	-1	-1
-1	-1	-1	-1
-1	-1	-1	-1
-1	-1	-1	-1
-1	-1	-1	-1
-1	-1	-1	-1
-1	-1	-1	-1
-1	-1	-1	-1
-1	-1	-1	-1
-1	-1	-1	-1
-1	-1	-1	-1
-1	-1	-1	-1
-1	-1	-1	-1
-1	-1	-1	-1
-1	-1	-1	-1
-1	-1	-1	-1
-1	-1	-1	-1
-1	-1	-1	-1
-1	-1	-1	-1
-1	-1	-1	-1
-1	-1	-1	-1
-1	-1	-1	-1
-1	-1	-1	-1
-1	-1	-1	-1
-1	-1	-1	-1
-1	-1	-1	-1
-1	-1	-1	-1
-1	-1	-1	-1
-1	-1	-1	-1
-1	-1	-1	-1
-1	-1	-1	-1
-1	-1	-1	-1
-1	-1	-1	-1
-1	-1	-1	-1
-1	-1	-1	-1
-1	-1	-1	-1
-1	-1	-1	-1
-1	-1	-1	-1
-1	-1	-1	-1
-1	-1	-1	-1
-1	-1	-1	-1
-1	-1	-1	-1
-1	-1	-1	-1
-1	-1	-1	-1
-1	-1	-1	-1
-1	-1	-1	-1
-1	-1	-1	-1
-1	-1	-1	-1
-1	-1	-1	-1
-1	-1	-1	-1
-1	-1	-1	-1
-1	-1	-1	-1
-1	-1	-1	-1
-1	-1	-1	-1
-1	-1	-1	-1
-1	-1	-1	-1
-1	-1	-1	-1
-1	-1	-1	-1
-1	-1	-1	-1
-1	-1	-1	-1
-1	-1	-1	-1
-1	-1	-1	-1
-1	-1	-1	-1
-1	-1	-1	-1
-1	-1	-1	-1
-1	-1	-1	-1
-1	-1	-1	-1
-1	-1	-1	-1
-1	-1	-1	-1
-1	-1	-1	-1
-1	-1	-1	-1
-1	-1	-1	-1
-1	-1	-1	-1
-1	-1	-1	-1
-1	-1	-1	-1
-1	-1	-1	-1
-1	-1	-1	-1
-1	-1	-1	-1
-1	-1	-1	-1
-1	-1	-1	-1
-1	-1	-1	-1
-1	-1	-1	-1
-1	-1	-1	-1
-1	-1	-1	-1
-1	-1	-1	-1
-1	-1	-1	-1
-1	-1	-1	-1
-1	-1	-1	-1
-1	-1	-1	-1
-1	-1	-1	-1
-1	-1	-1	-1
-1	-1	-1	-1
-1	-1	-1	-1
-1	-1	-1	-1
-1	-1	-1	-1
-1	-1	-1	-1
-1	-1	-1	-1
-1	-1	-1	-1
-1	-1	-1	-1
-1	-1	-1	-1
-1	-1	-1	-1
-1	-1	-1	-1
-1	-1	-1	-1
-1	-1	-1	-1
-1	-1	-1	-1
-1	-1	-1	-1
-1	-1	-1	-1
-1	-1	-1	-1
-1	-1	-1	-1
-1	-1	-1	-1
-1	-1	-1	-1
-1	-1	-1	-1
-1	-1	-1	-1
-1	-1	-1	-1
-1	-1	-1	-1
-1	-1	-1	-1
-1	-1	-1	-1
-1	-1	-1	-1
-1	-1	-1	-1
-1	-1	-1	-1
-1	-1	-1	-1
-1	-1	-1	-1
-1	-1	-1	-1
-1	-1	-1	-1
-1	-1	-1	-1
-1	-1	-1	-1
-1	-1	-1	-1
-1	-1	-1	-1
-1	-1	-1	-1
-1	-1	-1	-1
-1	-1	-1	-1
-1	-1	-1	-1
-1	-1	-1	-1
-1	-1	-1	-1
-1	-1	-1	-1
-1	-1	-1	-1
-1	-1	-1	-1
-1	-1	-1	-1
300	216	10	31
299	215	11	34
298	215	12	33
298	215	12	34
298	214	12	34
298	215	12	34
298	215	12	34
298	215	12	34
299	216	11	34
298	215	12	34
298	215	12	34
298	215	12	34
298	215	12	34
298	215	12	34
298	214	12	34
298	215	12	34
298	216	11	34
298	215	12	34
298	214	12	34
298	215	12	34
298	215	12	34
298	216	12	34
298	215	12	34
299	216	11	34
298	215	12	34
298	217	12	34
298	215	11	34
298	216	12	34
298	215	12	34
298	216	12	34
298	216	12	34
298	216	12	34
298	215	12	35
298	214	12	35
298	215	12	34
298	215	12	34
298	216	12	33
299	215	11	34
299	215	11	34
298	215	12	34
298	215	12	34
298	215	12	34
298	214	12	34
298	215	12	33
298	215	12	34
298	215	12	34
298	214	12	34
298	215	12	34
298	215	12	34
298	216	12	34
298	216	12	34
298	216	12	34
299	216	11	34
298	214	12	34
298	215	12	34
298	216	12	34
298	217	12	35
298	216	12	34
298	215	11	34
298	215	12	34
298	215	12	34
298	216	12	34
298	216	12	34
298	216	12	33
298	215	12	34
298	215	12	33
298	215	12	34
298	214	12	34
298	215	12	34
298	215	12	34
298	216	12	34
298	215	12	34
298	215	12	34
298	216	12	34
298	215	12	34
298	215	12	34
298	215	12	34
298	215	12	34
298	214	12	34
298	215	12	32
298	215	12	34
298	215	12	34
298	216	12	34
298	214	12	34
298	215	12	34
298	216	12	34
298	217	12	34
298	215	12	34
298	215	12	35
298	214	12	34
299	216	12	34
299	215	11	34
299	215	11	33
298	214	12	33
298	215	12	34
298	215	12	34
298	216	12	34
298	216	12	33
299	215	12	34
298	215	12	33
298	215	11	34
299	216	11	33
299	216	11	34
299	216	12	34
298	215	12	34
298	217	12	34
298	216	12	33
298	216	12	33
298	216	12	34
298	216	12	34
298	216	12	34
298	216	12	34
298	216	12	34
298	216	12	34
298	215	12	34
298	217	12	35
298	215	12	34
298	216	12	34
298	216	12	34
298	214	12	34
298	216	12	34
298	215	12	34
298	215	12	34
298	215	12	35
298	216	12	34
298	215	12	34
298	217	12	34
298	216	12	34
298	214	12	34
298	216	12	34
298	216	12	35
298	216	12	34
298	215	12	34
298	216	12	34
298	214	12	34
298	215	12	34
298	215	12	34
298	215	12	33
298	215	12	34
298	215	12	34
299	216	11	34
298	215	12	34
298	214	12	34
298	216	12	34
299	214	12	34
298	216	12	34
298	216	12	34
298	214	11	34
298	216	12	34
298	217	12	34
298	214	12	34
298	215	12	34
298	214	12	34
298	214	12	34
298	215	11	34
298	215	12	34
298	215	12	34
298	215	12	33
298	215	12	33
298	215	12	34
298	214	12	34
298	215	12	34
298	216	12	35
298	216	12	34
298	216	12	33
298	216	12	33
298	214	12	33
298	216	12	34
298	217	12	35
298	215	12	34
298	215	12	34
299	214	11	34
299	214	11	34
298	215	12	34
298	217	12	34
298	216	12	33
298	215	12	34
298	216	12	34
298	215	12	34
298	214	12	34
298	215	12	34
298	215	12	35
298	213	12	34
298	215	12	34
298	214	12	35
298	214	12	34
298	215	12	34
298	215	12	34
298	215	11	35
298	215	12	34
298	215	12	34
298	215	12	34
298	216	12	33
298	215	12	34
298	214	12	35
298	216	12	34
298	215	12	34
299	214	11	34
298	215	12	33
298	216	12	33
298	217	12	34
299	215	11	34
298	215	11	34
298	215	12	34
298	213	12	34
298	215	12	34
298	215	12	34
298	215	12	34
298	215	12	34
299	215	11	34
298	215	12	34
298	215	12	34
298	216	12	34
298	216	12	34
298	214	12	34
298	215	12	34
298	216	12	34
298	215	12	34
298	215	12	34
298	215	12	34
298	215	12	34
298	216	12	34
299	216	11	34
298	217	12	34
298	215	12	34
298	214	12	35
298	215	12	35
298	215	12	35
299	216	12	34
298	216	12	34
298	216	12	34
298	215	12	34
299	215	11	34
298	215	12	34
298	215	12	34
298	216	12	34
298	215	12	34
298	217	12	34
298	215	12	34
298	216	12	34
299	215	11	35
299	216	11	34
299	215	12	34
