423	266	13	17
422	267	13	15
422	267	13	15
423	267	13	14
423	267	12	14
423	267	13	14
422	267	13	14
423	267	13	14
423	267	13	14
423	267	13	15
423	267	13	15
423	267	13	14
423	267	13	14
423	267	13	14
423	267	12	15
422	267	13	14
422	267	13	15
423	267	13	15
423	267	13	15
422	267	13	15
422	267	13	15
422	267	14	16
423	267	13	15
422	267	13	15
422	267	13	15
423	267	13	14
423	267	13	14
423	267	13	14
423	267	13	14
422	267	13	15
422	267	13	14
422	267	13	14
423	268	13	13
423	267	13	14
422	267	13	14
422	267	13	14
422	267	13	14
422	267	13	15
422	267	13	14
423	267	13	14
422	267	12	14
423	267	12	13
423	267	12	13
426	244	13	17
426	244	13	17
426	244	13	17
426	244	13	17
426	244	13	17
426	244	13	17
427	271	16	19
427	271	16	19
427	271	16	19
427	271	16	19
427	271	16	19
427	271	16	19
427	271	16	19
427	271	16	19
427	271	16	19
427	271	16	19
427	271	16	19
427	271	16	19
427	271	16	19
427	271	16	19
427	271	16	19
427	271	16	19
427	271	16	19
427	271	16	19
427	271	16	19
427	271	16	19
427	271	16	19
427	271	16	19
427	271	16	19
427	271	16	19
427	271	16	19
427	271	16	19
427	271	16	19
427	271	16	19
427	271	16	19
427	271	16	19
427	271	16	19
427	271	16	19
427	271	16	19
427	271	16	19
427	271	16	19
427	271	16	19
427	271	16	19
427	271	16	19
427	271	16	19
427	271	16	19
427	271	16	19
427	271	16	19
427	271	16	19
427	271	16	19
427	271	16	19
427	271	16	19
427	271	16	19
427	271	16	19
427	271	16	19
427	271	16	19
427	271	16	19
427	271	16	19
427	271	16	19
427	271	16	19
427	271	16	19
427	271	16	19
427	271	16	19
427	271	16	19
427	271	16	19
427	271	16	19
427	271	16	19
427	271	16	19
427	271	16	19
427	271	16	19
427	271	16	19
427	271	16	19
427	271	16	19
427	271	16	19
427	271	16	19
427	271	16	19
427	271	16	19
427	271	16	19
427	271	16	19
403	255	15	15
419	263	12	13
418	262	11	12
414	262	13	11
416	263	12	10
417	263	11	10
418	263	13	14
415	263	13	15
419	264	14	17
418	264	15	16
418	264	14	16
418	264	15	16
418	264	15	16
418	264	15	16
418	264	15	18
418	264	15	16
418	264	15	14
418	264	14	17
418	264	14	16
418	264	15	17
418	264	15	16
418	264	15	17
418	263	12	15
418	264	11	13
417	265	9	10
417	265	9	10
385	244	13	10
385	244	13	10
385	244	13	10
385	244	13	10
385	244	13	10
385	244	13	10
385	244	13	10
385	244	13	10
385	244	13	10
385	244	13	10
385	244	13	10
385	244	13	10
385	244	13	10
385	244	13	10
385	244	13	10
385	244	13	10
380	239	14	9
384	245	15	7
384	245	15	7
384	245	15	7
384	245	15	7
384	245	15	7
384	245	15	7
384	245	15	7
384	245	15	7
385	245	13	9
386	244	13	10
385	244	13	10
386	244	13	10
386	245	13	9
386	245	13	8
386	245	13	8
386	244	13	9
386	244	12	10
386	245	13	9
386	244	13	9
384	241	15	11
383	240	17	12
420	263	13	14
422	264	11	16
423	265	11	15
421	265	13	15
422	266	14	15
423	266	13	13
422	266	13	14
422	266	13	15
422	266	13	15
422	266	13	16
422	266	13	15
422	266	13	15
422	266	13	14
422	266	13	14
422	266	13	14
422	266	13	15
422	266	13	15
421	266	14	15
422	266	13	14
421	266	14	15
422	266	12	15
423	265	12	16
422	265	12	15
419	263	12	15
419	263	12	15
419	263	12	15
419	263	12	15
419	263	12	15
419	263	12	15
419	263	12	15
419	263	12	15
419	263	12	15
419	263	12	15
419	263	12	15
419	263	12	15
419	263	12	15
419	263	12	15
419	263	12	15
419	263	12	15
419	263	12	15
419	263	12	15
419	263	12	15
419	263	12	15
419	263	12	15
419	263	12	15
419	263	12	15
419	263	12	15
419	263	12	15
419	263	12	15
419	263	12	15
419	263	12	15
419	263	12	15
419	263	12	15
419	263	12	15
419	263	12	15
419	263	12	15
419	263	12	15
419	263	12	15
419	263	12	15
419	263	12	15
419	263	12	15
419	263	12	15
419	263	12	15
419	263	12	15
419	263	12	15
419	263	12	15
419	263	12	15
419	263	12	15
419	263	12	15
419	263	12	15
419	263	12	15
419	263	12	15
419	263	12	15
419	263	12	15
419	263	12	15
419	263	12	15
419	263	12	15
419	263	12	15
419	263	12	15
419	263	12	15
419	263	12	15
419	263	12	15
419	263	12	15
419	263	12	15
419	263	12	15
419	263	12	15
419	263	12	15
419	263	12	15
419	263	12	15
419	263	12	15
419	263	12	15
433	247	13	15
425	258	13	16
424	265	11	17
423	267	14	15
423	267	15	13
423	267	15	12
424	268	14	14
423	268	14	12
423	269	15	13
415	270	15	14
415	271	14	14
414	270	14	14
414	271	14	15
414	271	14	14
414	271	14	14
414	271	14	15
414	271	14	14
414	271	14	14
414	271	14	14
414	271	14	13
414	271	14	14
414	271	14	14
414	271	14	14
415	271	13	14
414	271	14	14
414	271	14	14
414	271	14	14
414	271	14	15
414	271	14	14
415	271	14	13
415	271	14	14
415	271	14	14
414	271	14	14
414	271	14	14
414	271	14	13
414	271	14	14
414	271	14	15
414	271	14	15
414	271	14	14
414	271	14	14
414	271	14	14
414	271	14	14
414	271	14	14
414	271	14	14
414	271	14	14
414	271	14	14
414	271	14	14
414	271	14	14
414	271	14	15
414	271	14	14
414	271	14	14
414	271	14	14
414	271	14	14
414	271	14	14
414	271	14	14
414	271	14	15
414	271	14	15
414	271	14	14
414	271	14	14
414	271	14	14
414	271	14	15
414	271	14	14
414	271	14	15
414	271	14	13
414	271	14	14
414	271	14	14
414	271	14	15
414	271	14	14
415	271	14	14
414	271	14	15
414	271	14	15
414	271	14	14
414	271	14	15
414	271	15	14
414	271	14	15
414	271	14	14
414	271	14	14
414	271	14	15
414	271	14	14
414	271	14	15
414	271	14	15
414	271	14	15
414	271	14	15
414	271	14	14
414	271	14	14
414	271	14	14
414	271	14	15
414	271	14	14
414	271	14	15
414	271	14	15
414	271	14	14
414	271	14	14
414	271	15	14
414	271	14	14
414	271	14	15
414	271	14	14
414	271	14	14
414	271	14	15
414	271	14	14
422	270	16	14
421	271	19	12
422	271	20	12
422	271	20	14
422	272	20	17
422	271	21	19
422	271	22	19
422	269	27	22
423	269	28	24
423	269	28	22
413	208	21	18
411	208	19	17
409	207	15	16
412	208	12	15
412	208	12	14
412	207	12	14
411	207	12	13
411	207	12	13
411	205	13	13
415	177	13	17
415	177	13	17
415	177	13	17
415	177	13	17
415	177	13	17
415	177	13	17
415	177	13	17
415	177	13	17
415	177	13	17
415	177	13	17
415	177	13	17
415	177	13	17
415	177	13	17
415	177	13	17
415	177	13	17
400	230	15	15
423	271	18	16
422	272	19	17
422	272	21	18
423	271	20	19
422	271	25	21
423	270	28	21
423	270	27	21
423	270	27	22
423	270	28	24
423	270	28	23
423	270	28	23
422	271	27	22
423	270	27	25
424	270	27	23
423	271	28	23
424	270	27	23
423	270	27	23
423	270	27	23
423	270	27	25
423	270	26	29
424	270	26	29
423	270	27	30
423	270	28	27
423	270	27	29
424	270	27	29
423	271	27	29
423	270	28	28
424	271	27	30
408	252	28	33
425	270	25	32
425	269	24	33
425	270	25	31
427	270	22	30
428	268	22	33
422	267	26	35
422	266	27	36
425	266	24	35
424	265	26	37
403	255	24	32
403	254	24	34
403	257	22	32
425	267	25	34
368	218	24	27
374	219	30	23
423	267	29	25
423	267	28	30
423	267	27	32
422	267	27	35
419	268	31	35
418	268	31	34
418	269	31	34
417	269	33	36
417	268	33	35
417	269	32	37
420	267	29	36
421	268	28	34
424	269	26	34
419	268	30	36
419	269	31	36
417	269	33	35
417	269	32	34
417	269	34	35
418	269	31	35
419	269	32	35
418	269	31	35
418	269	33	34
418	269	33	35
417	268	33	36
418	269	32	36
418	269	31	35
418	269	32	35
417	269	32	35
418	269	32	36
419	268	31	35
418	269	33	36
418	269	32	37
419	269	31	36
418	269	32	36
418	269	31	36
418	269	31	35
418	269	32	35
418	269	32	36
417	269	32	36
417	269	33	36
417	269	33	34
418	269	31	34
419	269	30	34
420	269	30	34
418	269	32	34
418	269	31	35
418	269	31	34
418	269	32	36
418	269	32	36
418	269	32	36
418	269	32	36
419	269	31	36
420	269	30	35
424	266	27	37
419	268	31	36
400	253	28	30
408	250	26	29
397	258	18	29
420	269	24	25
419	269	27	31
421	269	30	34
420	270	30	35
422	269	29	35
418	269	32	35
421	269	29	36
417	269	32	35
418	269	32	34
420	269	31	35
420	269	31	35
419	269	31	36
420	269	31	36
421	268	30	35
420	269	29	34
420	269	30	35
420	269	30	36
420	269	31	34
420	269	30	35
420	269	30	35
421	269	28	34
421	269	29	35
421	269	29	36
420	269	29	36
422	269	29	35
418	269	32	35
421	269	29	35
423	269	27	33
418	269	32	33
423	269	27	35
423	269	28	35
419	269	31	36
420	269	31	36
420	269	31	36
418	269	32	36
419	270	31	35
418	270	32	37
420	268	29	33
422	269	28	34
423	269	27	34
423	269	27	36
423	269	27	36
423	269	27	35
424	268	27	34
418	269	32	35
420	269	30	35
422	269	29	35
420	269	30	35
420	269	31	37
422	269	29	37
421	269	28	36
421	269	30	36
422	269	28	36
423	268	28	35
418	269	31	35
420	270	30	36
421	269	29	36
422	269	28	35
422	269	28	34
421	269	29	35
422	269	29	35
421	269	29	36
419	270	31	36
418	269	32	38
420	269	30	37
420	269	31	36
420	269	31	36
420	270	31	35
418	269	33	35
419	269	31	35
419	269	31	34
422	270	28	34
419	269	31	36
419	270	31	36
419	269	31	38
419	269	32	38
420	269	31	37
419	270	31	34
420	269	31	36
421	269	30	35
421	270	29	34
422	269	29	35
421	269	30	35
421	269	30	35
421	269	29	35
