389	243	11	15
389	243	10	13
389	243	10	13
388	244	10	11
388	243	10	12
388	243	10	12
388	243	10	13
388	243	10	12
388	243	10	12
388	243	10	13
388	243	10	13
388	243	10	13
388	243	10	13
388	243	10	13
388	243	10	13
388	243	10	12
388	243	10	12
388	243	10	12
388	243	10	12
388	243	10	12
387	243	11	12
388	243	10	13
388	243	10	13
388	243	10	13
388	243	10	13
388	243	10	13
389	243	10	13
389	244	9	12
388	243	10	13
388	243	10	13
388	243	11	14
388	242	10	14
388	242	10	14
388	243	11	13
388	243	11	14
389	243	10	14
389	243	10	13
388	243	11	13
388	243	10	13
388	243	10	13
388	243	10	13
388	243	10	13
388	243	10	13
388	243	10	13
388	243	10	13
388	243	10	13
388	243	10	14
388	243	10	13
388	243	10	13
388	243	10	14
388	243	10	13
388	243	10	14
388	243	10	14
388	243	10	14
387	243	11	14
388	243	10	13
388	243	11	13
387	242	11	14
388	243	10	14
388	242	11	15
388	243	10	14
387	243	11	14
388	243	11	14
388	243	10	14
388	243	10	14
387	242	11	15
388	242	10	14
387	243	11	14
388	242	10	14
388	243	10	13
388	243	10	14
388	242	11	14
388	243	10	14
388	243	10	13
388	242	10	14
387	243	11	13
388	243	11	14
388	242	10	14
388	243	10	13
388	243	10	14
388	242	11	14
387	243	11	13
388	243	11	14
388	243	11	14
388	242	10	14
388	243	10	13
388	243	10	13
388	243	10	14
388	243	10	14
388	243	10	13
387	243	11	13
388	243	11	14
388	242	10	14
388	243	11	14
388	243	11	14
388	243	11	14
388	243	10	14
388	243	10	13
388	242	11	14
388	243	10	14
388	242	11	14
388	243	10	14
388	243	11	13
387	243	11	13
388	243	10	14
388	243	10	14
388	243	10	14
387	242	11	14
388	243	10	13
388	243	10	13
388	243	10	14
388	243	10	14
388	243	10	13
387	243	11	13
388	243	10	13
388	243	11	13
388	243	11	13
387	243	11	13
388	243	10	13
387	243	11	13
388	243	10	13
388	243	10	13
388	244	10	12
389	245	11	11
389	245	11	11
389	245	11	12
389	245	11	12
389	245	11	11
389	245	11	12
389	245	11	11
389	245	11	11
389	245	11	11
388	245	12	12
388	245	12	12
389	245	11	12
388	244	12	12
388	244	12	12
387	245	13	12
388	243	12	13
388	244	12	12
388	244	12	13
388	244	11	12
388	244	11	12
388	244	11	13
388	244	11	12
388	244	11	13
389	244	11	13
388	245	12	12
388	245	12	12
388	244	12	13
388	245	12	12
388	245	12	12
388	245	12	12
388	245	12	12
388	245	12	12
388	245	12	12
388	244	12	13
388	245	12	12
388	244	12	12
388	244	12	12
388	244	12	13
388	244	12	13
388	244	12	13
388	244	12	13
388	244	12	12
388	245	12	12
388	245	12	12
388	245	12	12
388	245	12	12
388	245	12	11
389	245	11	12
388	245	12	12
388	245	12	12
388	244	12	12
388	244	12	13
388	244	12	13
388	245	12	12
388	244	12	13
388	245	12	12
388	244	12	13
388	245	12	12
388	245	12	12
388	245	12	12
388	244	12	12
388	244	12	12
388	245	12	12
388	245	12	11
388	245	12	11
388	245	12	12
388	245	12	12
389	245	11	12
388	245	12	11
388	244	12	13
388	243	11	13
388	244	12	12
388	244	12	13
388	244	12	13
388	244	12	13
388	243	12	13
388	244	12	12
388	244	12	13
388	245	12	12
388	244	12	13
388	244	12	13
388	243	11	13
388	244	12	13
388	243	12	13
388	243	11	13
388	243	12	13
388	244	12	13
388	243	12	14
388	243	11	13
388	244	12	13
388	244	12	13
388	243	11	14
388	243	11	14
388	243	12	14
388	243	12	14
388	243	12	14
388	244	11	13
388	243	12	14
388	244	11	13
388	243	12	13
388	243	12	14
388	244	12	13
388	243	12	14
388	244	12	13
388	243	12	13
389	244	11	13
388	243	12	14
388	243	12	14
388	243	11	14
388	244	12	12
388	244	12	13
388	243	11	13
388	243	12	13
388	243	12	13
388	243	11	14
389	244	11	13
388	243	12	14
388	243	12	14
388	243	12	14
388	243	12	13
388	243	12	14
388	244	12	13
388	243	11	14
388	243	12	14
388	243	11	13
388	244	12	13
388	243	12	14
388	243	12	14
388	244	12	12
388	243	12	13
388	243	12	13
388	243	12	13
388	243	12	13
389	244	11	13
388	243	12	14
388	243	11	13
388	243	12	13
388	243	12	13
388	243	12	13
388	244	12	13
388	243	12	14
388	244	12	13
388	243	12	14
388	244	12	13
388	243	12	14
388	243	12	14
388	243	11	14
388	243	12	14
388	244	12	13
388	244	12	13
388	243	12	14
388	244	12	13
388	243	12	14
388	244	12	13
388	243	12	13
388	243	12	13
388	243	12	14
388	244	12	13
388	243	11	14
388	243	12	13
389	244	11	13
388	244	12	13
388	243	12	14
389	244	12	12
390	244	11	12
390	244	11	12
390	244	11	12
390	244	11	12
390	244	10	12
390	244	10	12
390	245	11	11
390	244	10	12
390	245	10	12
389	244	11	13
390	244	10	12
389	244	11	12
390	244	10	13
389	244	11	12
390	245	10	11
390	244	10	12
390	244	11	13
390	244	10	12
389	245	12	11
390	244	10	12
389	244	11	12
389	244	11	12
389	244	12	12
390	244	11	12
389	244	11	12
389	244	11	12
389	244	11	12
389	244	11	12
389	244	11	12
389	244	11	12
389	244	12	12
389	244	12	12
389	244	11	13
389	244	11	12
389	244	11	12
389	245	11	11
389	244	11	12
390	245	10	11
389	244	11	13
389	244	11	12
390	245	10	11
390	244	10	12
389	244	12	12
389	244	11	12
389	244	11	12
389	244	11	12
390	245	10	11
389	245	11	11
389	244	11	12
390	245	10	11
389	244	12	11
389	244	11	12
389	244	11	13
389	244	11	12
389	244	11	13
389	244	12	13
389	245	12	11
389	244	12	13
390	245	10	11
389	244	12	13
390	245	11	11
390	245	10	11
390	245	10	11
390	245	11	12
389	245	12	11
389	245	11	11
390	245	11	11
390	245	11	11
390	244	11	13
390	244	11	12
389	244	11	12
389	244	11	12
389	245	11	11
390	245	10	11
389	244	11	12
389	245	11	11
389	244	11	12
389	244	11	12
390	244	11	12
390	244	10	12
390	244	10	12
390	244	10	12
390	245	10	11
389	244	11	12
389	245	11	11
389	244	11	12
389	244	11	12
389	244	11	12
389	244	11	12
387	246	12	12
387	246	12	12
387	247	12	10
387	246	12	11
387	246	13	11
387	246	12	12
387	246	12	11
387	246	12	12
387	246	12	12
387	246	12	12
387	246	12	11
387	246	12	12
387	246	12	12
387	246	12	12
387	246	12	12
387	246	12	12
387	246	12	12
387	246	12	12
387	246	12	12
387	246	12	12
387	246	12	12
387	246	12	12
387	246	12	12
386	246	13	12
386	246	13	12
386	246	12	12
386	246	12	12
386	247	12	10
387	246	12	12
386	246	13	12
386	246	13	12
387	246	11	11
387	246	12	12
386	247	13	11
387	246	12	12
386	246	13	12
386	246	13	12
386	247	12	11
386	246	13	12
386	246	12	12
386	246	13	12
386	246	12	12
387	246	11	11
387	246	12	12
386	246	13	12
386	247	12	10
386	246	13	12
386	246	12	12
385	246	14	12
386	246	13	12
386	246	13	12
386	246	13	12
386	246	13	12
386	246	13	12
386	246	13	12
386	246	13	12
386	246	13	12
386	246	13	12
386	246	13	12
386	246	13	12
386	246	13	11
386	246	13	12
386	246	13	12
386	246	13	11
386	246	13	11
386	246	13	11
386	246	12	11
386	246	13	11
386	246	14	11
386	246	14	13
386	247	14	9
387	247	14	10
387	247	13	9
387	247	14	9
389	246	13	12
390	246	12	11
390	245	12	12
390	246	12	12
389	245	13	12
388	245	13	14
389	245	13	16
389	246	12	15
393	248	9	13
391	248	10	16
385	221	19	10
0	0	1	1
391	248	9	11
395	246	8	12
385	239	15	19
384	239	14	15
385	239	10	13
385	239	10	14
385	240	11	15
384	239	13	15
385	239	12	15
385	240	11	14
385	239	11	14
385	240	12	15
385	239	12	15
384	239	12	16
385	239	12	15
385	239	12	16
385	239	11	15
385	240	12	14
385	240	11	15
385	239	12	15
385	239	12	15
384	240	12	15
385	239	12	15
384	239	12	16
385	239	12	16
384	239	12	16
385	239	12	15
385	240	12	14
384	239	12	16
385	239	12	15
385	239	12	15
385	239	12	15
385	240	12	14
384	239	12	15
385	239	12	15
384	239	12	16
384	240	12	14
385	239	12	15
385	239	11	15
385	239	12	15
385	239	11	15
384	239	11	15
385	240	12	14
385	240	12	14
385	240	11	15
385	240	11	15
385	240	11	14
385	240	10	13
385	240	11	13
385	240	11	12
385	240	11	12
386	239	9	12
0	0	1	1
387	242	13	9
383	240	3	3
383	240	2	3
383	239	3	5
384	240	2	3
0	0	1	1
0	0	1	1
0	0	1	1
417	274	11	8
0	0	1	1
0	0	1	1
0	0	1	1
0	0	1	1
0	0	1	1
417	275	9	5
417	275	10	6
0	0	1	1
417	275	11	7
417	275	10	6
0	0	1	1
417	275	10	6
417	274	11	11
417	274	11	10
0	0	1	1
0	0	1	1
0	0	1	1
384	240	4	5
0	0	1	1
0	0	1	1
0	0	1	1
0	0	1	1
0	0	1	1
0	0	1	1
0	0	1	1
0	0	1	1
0	0	1	1
0	0	1	1
0	0	1	1
0	0	1	1
387	243	13	8
388	243	12	7
386	242	14	8
0	0	1	1
0	0	1	1
0	0	1	1
0	0	1	1
389	244	8	5
0	0	1	1
389	244	10	6
386	243	14	7
0	0	1	1
0	0	1	1
388	243	12	7
386	242	14	9
387	243	10	6
389	243	10	6
0	0	1	1
387	244	9	4
387	244	8	5
0	0	1	1
0	0	1	1
0	0	1	1
0	0	1	1
0	0	1	1
0	0	1	1
388	243	12	7
387	243	12	7
0	0	1	1
388	244	10	5
389	244	8	4
387	243	13	8
0	0	1	1
388	243	10	6
386	242	14	8
386	241	14	10
0	0	1	1
389	244	9	5
389	243	10	7
0	0	1	1
0	0	1	1
0	0	1	1
388	243	10	6
388	243	11	7
