-1	-1	-1	-1
-1	-1	-1	-1
-1	-1	-1	-1
-1	-1	-1	-1
-1	-1	-1	-1
-1	-1	-1	-1
-1	-1	-1	-1
-1	-1	-1	-1
-1	-1	-1	-1
-1	-1	-1	-1
-1	-1	-1	-1
-1	-1	-1	-1
-1	-1	-1	-1
-1	-1	-1	-1
-1	-1	-1	-1
-1	-1	-1	-1
-1	-1	-1	-1
-1	-1	-1	-1
-1	-1	-1	-1
-1	-1	-1	-1
-1	-1	-1	-1
-1	-1	-1	-1
-1	-1	-1	-1
-1	-1	-1	-1
-1	-1	-1	-1
-1	-1	-1	-1
-1	-1	-1	-1
-1	-1	-1	-1
-1	-1	-1	-1
-1	-1	-1	-1
-1	-1	-1	-1
-1	-1	-1	-1
-1	-1	-1	-1
-1	-1	-1	-1
-1	-1	-1	-1
-1	-1	-1	-1
-1	-1	-1	-1
-1	-1	-1	-1
-1	-1	-1	-1
-1	-1	-1	-1
-1	-1	-1	-1
-1	-1	-1	-1
-1	-1	-1	-1
-1	-1	-1	-1
-1	-1	-1	-1
-1	-1	-1	-1
-1	-1	-1	-1
-1	-1	-1	-1
-1	-1	-1	-1
-1	-1	-1	-1
-1	-1	-1	-1
-1	-1	-1	-1
-1	-1	-1	-1
-1	-1	-1	-1
-1	-1	-1	-1
-1	-1	-1	-1
-1	-1	-1	-1
-1	-1	-1	-1
-1	-1	-1	-1
-1	-1	-1	-1
-1	-1	-1	-1
-1	-1	-1	-1
-1	-1	-1	-1
-1	-1	-1	-1
-1	-1	-1	-1
-1	-1	-1	-1
-1	-1	-1	-1
-1	-1	-1	-1
-1	-1	-1	-1
-1	-1	-1	-1
-1	-1	-1	-1
-1	-1	-1	-1
-1	-1	-1	-1
-1	-1	-1	-1
-1	-1	-1	-1
-1	-1	-1	-1
-1	-1	-1	-1
-1	-1	-1	-1
-1	-1	-1	-1
-1	-1	-1	-1
-1	-1	-1	-1
-1	-1	-1	-1
-1	-1	-1	-1
-1	-1	-1	-1
-1	-1	-1	-1
-1	-1	-1	-1
-1	-1	-1	-1
-1	-1	-1	-1
-1	-1	-1	-1
-1	-1	-1	-1
-1	-1	-1	-1
-1	-1	-1	-1
-1	-1	-1	-1
-1	-1	-1	-1
-1	-1	-1	-1
-1	-1	-1	-1
-1	-1	-1	-1
-1	-1	-1	-1
-1	-1	-1	-1
-1	-1	-1	-1
-1	-1	-1	-1
-1	-1	-1	-1
-1	-1	-1	-1
-1	-1	-1	-1
-1	-1	-1	-1
-1	-1	-1	-1
-1	-1	-1	-1
-1	-1	-1	-1
-1	-1	-1	-1
-1	-1	-1	-1
-1	-1	-1	-1
-1	-1	-1	-1
-1	-1	-1	-1
-1	-1	-1	-1
-1	-1	-1	-1
-1	-1	-1	-1
-1	-1	-1	-1
-1	-1	-1	-1
-1	-1	-1	-1
-1	-1	-1	-1
-1	-1	-1	-1
-1	-1	-1	-1
-1	-1	-1	-1
-1	-1	-1	-1
-1	-1	-1	-1
-1	-1	-1	-1
-1	-1	-1	-1
-1	-1	-1	-1
-1	-1	-1	-1
-1	-1	-1	-1
-1	-1	-1	-1
-1	-1	-1	-1
-1	-1	-1	-1
-1	-1	-1	-1
-1	-1	-1	-1
-1	-1	-1	-1
-1	-1	-1	-1
-1	-1	-1	-1
-1	-1	-1	-1
-1	-1	-1	-1
-1	-1	-1	-1
-1	-1	-1	-1
-1	-1	-1	-1
-1	-1	-1	-1
-1	-1	-1	-1
-1	-1	-1	-1
-1	-1	-1	-1
-1	-1	-1	-1
-1	-1	-1	-1
-1	-1	-1	-1
-1	-1	-1	-1
-1	-1	-1	-1
-1	-1	-1	-1
-1	-1	-1	-1
-1	-1	-1	-1
-1	-1	-1	-1
-1	-1	-1	-1
-1	-1	-1	-1
-1	-1	-1	-1
-1	-1	-1	-1
-1	-1	-1	-1
-1	-1	-1	-1
-1	-1	-1	-1
-1	-1	-1	-1
-1	-1	-1	-1
-1	-1	-1	-1
-1	-1	-1	-1
-1	-1	-1	-1
-1	-1	-1	-1
-1	-1	-1	-1
-1	-1	-1	-1
-1	-1	-1	-1
-1	-1	-1	-1
-1	-1	-1	-1
-1	-1	-1	-1
-1	-1	-1	-1
-1	-1	-1	-1
-1	-1	-1	-1
-1	-1	-1	-1
-1	-1	-1	-1
-1	-1	-1	-1
-1	-1	-1	-1
-1	-1	-1	-1
-1	-1	-1	-1
-1	-1	-1	-1
-1	-1	-1	-1
-1	-1	-1	-1
-1	-1	-1	-1
-1	-1	-1	-1
-1	-1	-1	-1
-1	-1	-1	-1
-1	-1	-1	-1
-1	-1	-1	-1
-1	-1	-1	-1
-1	-1	-1	-1
-1	-1	-1	-1
-1	-1	-1	-1
-1	-1	-1	-1
-1	-1	-1	-1
-1	-1	-1	-1
-1	-1	-1	-1
-1	-1	-1	-1
-1	-1	-1	-1
-1	-1	-1	-1
-1	-1	-1	-1
-1	-1	-1	-1
-1	-1	-1	-1
-1	-1	-1	-1
-1	-1	-1	-1
-1	-1	-1	-1
-1	-1	-1	-1
-1	-1	-1	-1
-1	-1	-1	-1
-1	-1	-1	-1
-1	-1	-1	-1
-1	-1	-1	-1
-1	-1	-1	-1
-1	-1	-1	-1
-1	-1	-1	-1
-1	-1	-1	-1
-1	-1	-1	-1
-1	-1	-1	-1
-1	-1	-1	-1
-1	-1	-1	-1
-1	-1	-1	-1
-1	-1	-1	-1
-1	-1	-1	-1
-1	-1	-1	-1
-1	-1	-1	-1
-1	-1	-1	-1
-1	-1	-1	-1
-1	-1	-1	-1
-1	-1	-1	-1
-1	-1	-1	-1
-1	-1	-1	-1
-1	-1	-1	-1
-1	-1	-1	-1
-1	-1	-1	-1
-1	-1	-1	-1
-1	-1	-1	-1
-1	-1	-1	-1
-1	-1	-1	-1
-1	-1	-1	-1
-1	-1	-1	-1
-1	-1	-1	-1
-1	-1	-1	-1
-1	-1	-1	-1
-1	-1	-1	-1
-1	-1	-1	-1
-1	-1	-1	-1
-1	-1	-1	-1
-1	-1	-1	-1
-1	-1	-1	-1
-1	-1	-1	-1
-1	-1	-1	-1
-1	-1	-1	-1
-1	-1	-1	-1
-1	-1	-1	-1
-1	-1	-1	-1
-1	-1	-1	-1
-1	-1	-1	-1
-1	-1	-1	-1
-1	-1	-1	-1
-1	-1	-1	-1
-1	-1	-1	-1
-1	-1	-1	-1
-1	-1	-1	-1
-1	-1	-1	-1
-1	-1	-1	-1
-1	-1	-1	-1
-1	-1	-1	-1
-1	-1	-1	-1
-1	-1	-1	-1
-1	-1	-1	-1
-1	-1	-1	-1
-1	-1	-1	-1
-1	-1	-1	-1
-1	-1	-1	-1
-1	-1	-1	-1
-1	-1	-1	-1
-1	-1	-1	-1
-1	-1	-1	-1
-1	-1	-1	-1
-1	-1	-1	-1
-1	-1	-1	-1
-1	-1	-1	-1
-1	-1	-1	-1
-1	-1	-1	-1
-1	-1	-1	-1
-1	-1	-1	-1
-1	-1	-1	-1
-1	-1	-1	-1
-1	-1	-1	-1
-1	-1	-1	-1
-1	-1	-1	-1
-1	-1	-1	-1
-1	-1	-1	-1
365	251	11	18
364	251	12	17
363	251	12	18
363	251	12	17
365	250	11	18
364	251	11	17
364	251	11	17
364	250	11	18
364	251	12	17
364	250	12	18
364	250	11	18
365	251	11	17
364	251	11	17
363	251	12	17
364	251	12	17
364	251	12	17
364	251	11	18
363	251	12	18
364	250	12	18
364	251	11	17
363	250	12	18
365	251	11	17
363	251	12	17
363	250	12	18
364	251	12	17
363	251	12	17
364	250	12	18
364	250	12	18
364	251	11	17
363	251	12	17
363	251	12	17
363	251	12	17
364	251	11	18
363	250	12	18
363	251	12	17
364	251	11	17
363	251	12	17
363	251	12	17
364	250	12	18
364	250	12	18
364	250	11	18
364	251	12	17
363	250	12	18
364	250	12	18
364	251	12	17
363	251	12	18
363	251	12	17
364	250	11	18
363	250	12	18
363	250	12	18
364	250	12	18
364	251	12	17
364	251	11	17
364	251	12	17
364	251	12	17
364	251	11	17
364	251	12	17
363	250	12	18
363	251	12	18
364	251	12	18
364	251	12	18
363	251	12	18
364	251	12	17
363	250	12	18
364	250	11	18
363	251	12	17
364	250	12	18
363	251	13	17
364	251	12	17
363	251	12	17
363	251	12	17
363	251	13	17
363	251	12	17
363	250	13	18
363	252	13	16
362	250	13	18
362	251	14	17
362	252	14	17
363	250	12	18
365	254	13	16
363	254	16	17
364	256	15	15
365	253	14	18
363	255	17	16
363	255	16	16
365	254	14	17
364	253	14	18
365	254	13	17
364	254	14	17
364	254	14	17
364	253	14	18
363	254	14	17
364	254	13	17
363	253	15	18
364	253	14	18
364	254	14	17
365	254	14	17
365	253	15	18
363	254	16	18
363	254	15	18
364	253	15	19
363	253	15	18
363	253	16	18
363	253	14	18
363	253	14	18
364	253	14	18
363	253	16	18
364	254	14	17
364	253	14	18
363	253	14	18
363	253	14	18
363	253	14	18
363	254	14	17
363	253	15	18
364	254	14	17
363	254	15	17
364	254	14	17
363	254	15	17
363	253	15	19
363	253	14	18
363	253	15	18
362	253	15	18
364	252	13	19
363	252	14	19
363	253	14	18
364	254	14	17
363	253	14	18
363	253	13	18
364	253	14	18
362	254	15	17
364	253	14	18
362	253	15	18
363	253	14	18
363	253	14	18
363	253	15	19
364	253	14	18
364	253	14	18
363	253	15	18
363	253	15	18
363	254	16	17
363	254	16	18
364	254	16	17
362	255	16	16
363	255	15	16
364	254	15	17
364	254	15	17
364	253	15	18
362	253	16	19
362	254	16	17
363	254	16	18
364	255	14	16
363	255	16	16
363	257	15	14
362	255	15	15
363	253	16	18
363	256	15	14
362	253	16	17
363	253	15	18
363	253	15	18
363	253	15	17
363	252	15	18
363	253	14	18
363	252	13	17
363	253	12	17
363	252	12	18
363	253	12	17
363	252	13	18
363	253	13	17
363	253	13	17
363	253	13	17
363	254	12	15
364	254	12	15
363	253	12	17
362	253	13	17
363	252	12	17
363	252	12	17
363	253	11	17
363	252	12	17
363	252	12	17
363	253	11	17
363	252	12	17
363	252	11	17
364	252	11	18
364	252	12	18
364	253	11	17
363	252	12	17
363	253	11	17
363	252	12	17
364	252	12	17
364	253	12	17
364	253	12	16
364	253	11	16
364	253	11	16
363	252	12	18
363	253	12	17
363	253	12	17
364	253	11	17
364	253	11	17
363	252	12	18
363	253	12	17
363	252	12	18
364	252	11	17
363	252	12	17
363	252	11	18
364	253	12	17
363	252	12	17
364	253	12	16
363	252	12	17
364	253	11	17
364	253	12	17
362	253	13	16
363	253	13	16
363	254	12	16
363	253	13	17
364	253	12	13
363	253	13	17
363	253	12	17
364	253	12	17
364	253	11	15
364	253	12	16
363	252	12	17
363	252	13	17
364	252	12	17
363	252	12	18
364	252	11	17
363	252	11	17
364	252	12	17
363	253	12	17
363	252	12	17
364	252	11	17
364	252	12	17
364	252	12	17
363	252	13	17
364	252	11	17
364	252	12	17
364	252	12	18
364	252	11	17
363	252	12	17
364	252	11	17
362	251	13	18
363	252	12	18
364	252	11	17
363	252	12	17
363	252	11	17
363	253	12	16
364	252	11	17
363	251	12	18
363	252	12	17
363	252	12	18
364	252	11	17
365	252	11	17
363	252	12	17
363	253	12	17
363	253	12	17
364	252	12	17
363	252	12	17
362	253	12	16
363	253	12	16
363	252	12	17
364	253	12	16
364	252	11	17
364	252	12	17
364	253	11	16
365	253	11	16
364	252	11	17
364	253	11	16
365	252	11	17
364	252	11	16
364	252	11	16
364	252	11	17
365	252	11	17
364	252	12	17
364	252	11	17
364	252	11	17
365	253	10	16
365	252	11	18
365	252	11	17
365	252	10	17
364	253	11	16
364	252	11	17
364	253	11	16
364	252	11	17
365	253	11	16
365	252	11	17
365	253	11	16
365	252	11	17
365	253	11	16
364	252	11	17
363	253	12	17
365	252	11	17
365	252	11	17
365	253	11	16
364	253	12	16
364	253	11	16
364	252	11	17
365	252	12	17
364	253	11	16
364	252	11	17
364	252	11	17
364	253	11	16
364	252	12	17
