-1	-1	-1	-1
-1	-1	-1	-1
-1	-1	-1	-1
-1	-1	-1	-1
-1	-1	-1	-1
-1	-1	-1	-1
-1	-1	-1	-1
-1	-1	-1	-1
-1	-1	-1	-1
-1	-1	-1	-1
-1	-1	-1	-1
-1	-1	-1	-1
-1	-1	-1	-1
-1	-1	-1	-1
-1	-1	-1	-1
-1	-1	-1	-1
-1	-1	-1	-1
-1	-1	-1	-1
-1	-1	-1	-1
-1	-1	-1	-1
-1	-1	-1	-1
-1	-1	-1	-1
-1	-1	-1	-1
-1	-1	-1	-1
-1	-1	-1	-1
-1	-1	-1	-1
-1	-1	-1	-1
-1	-1	-1	-1
-1	-1	-1	-1
-1	-1	-1	-1
-1	-1	-1	-1
-1	-1	-1	-1
-1	-1	-1	-1
-1	-1	-1	-1
-1	-1	-1	-1
-1	-1	-1	-1
-1	-1	-1	-1
-1	-1	-1	-1
-1	-1	-1	-1
-1	-1	-1	-1
-1	-1	-1	-1
-1	-1	-1	-1
-1	-1	-1	-1
-1	-1	-1	-1
-1	-1	-1	-1
-1	-1	-1	-1
-1	-1	-1	-1
-1	-1	-1	-1
-1	-1	-1	-1
-1	-1	-1	-1
327	57	22	18
327	57	22	18
327	57	22	18
327	57	22	18
327	57	22	18
327	57	22	18
327	57	22	18
327	57	22	18
327	57	22	18
327	57	22	18
327	57	22	18
327	57	22	18
327	57	22	18
327	57	22	18
327	57	22	18
327	57	22	18
327	57	22	18
327	57	22	18
327	57	22	18
327	57	22	18
327	57	22	18
327	57	22	18
327	57	22	18
320	42	21	17
320	42	21	17
320	42	21	17
320	42	21	17
333	49	20	16
333	49	20	16
336	53	19	15
334	52	18	14
333	53	17	14
332	53	16	13
333	55	15	12
338	46	17	13
338	46	17	13
338	46	17	13
338	46	17	13
338	46	17	13
338	46	17	13
338	46	17	13
338	46	17	13
338	46	17	13
338	46	17	13
338	46	17	13
338	46	17	13
338	46	17	13
338	46	17	13
338	46	17	13
338	46	17	13
340	73	16	13
344	75	16	13
344	75	16	13
339	102	16	13
362	122	17	14
362	122	17	14
360	125	19	15
360	125	19	15
360	125	19	15
360	125	19	15
360	125	19	15
360	125	19	15
360	125	19	15
360	125	19	15
366	124	20	17
366	124	20	17
355	120	23	18
350	119	25	20
350	119	25	20
350	119	25	20
350	119	25	20
350	119	25	20
350	119	25	20
350	119	25	20
350	119	25	20
350	119	25	20
350	119	25	20
350	119	25	20
350	119	25	20
350	119	25	20
350	119	25	20
350	119	25	20
350	119	25	20
350	119	25	20
350	119	25	20
350	119	25	20
350	119	25	20
350	119	25	20
350	119	25	20
350	119	25	20
350	119	25	20
350	119	25	20
350	119	25	20
350	119	25	20
350	119	25	20
350	119	25	20
350	119	25	20
350	119	25	20
350	119	25	20
350	119	25	20
350	119	25	20
350	119	25	20
350	119	25	20
350	119	25	20
350	119	25	20
350	119	25	20
350	119	25	20
350	119	25	20
350	119	25	20
350	119	25	20
350	119	25	20
350	119	25	20
337	84	24	19
337	84	24	19
337	84	24	19
337	84	24	19
337	84	24	19
337	84	24	19
337	84	24	19
337	84	24	19
337	84	24	19
337	84	24	19
337	84	24	19
337	84	24	19
337	84	24	19
337	84	24	19
337	84	24	19
337	84	24	19
337	84	24	19
337	84	24	19
337	84	24	19
337	84	24	19
337	84	24	19
337	84	24	19
337	84	24	19
337	84	24	19
337	84	24	19
337	84	24	19
337	84	24	19
337	84	24	19
337	84	24	19
337	84	24	19
337	84	24	19
337	84	24	19
337	84	24	19
337	84	24	19
337	84	24	19
337	84	24	19
337	84	24	19
337	84	24	19
337	84	24	19
337	84	24	19
337	84	24	19
337	84	24	19
337	84	24	19
337	84	24	19
337	84	24	19
337	84	24	19
337	84	24	19
337	84	24	19
337	84	24	19
337	84	24	19
337	84	24	19
337	84	24	19
337	84	24	19
337	84	24	19
337	84	24	19
337	84	24	19
337	84	24	19
337	84	24	19
337	84	24	19
337	84	24	19
337	84	24	19
337	84	24	19
337	84	24	19
337	84	24	19
337	84	24	19
337	84	24	19
337	84	24	19
337	84	24	19
337	84	24	19
337	84	24	19
337	84	24	19
337	84	24	19
337	84	24	19
337	84	24	19
337	84	24	19
337	84	24	19
337	84	24	19
337	84	24	19
337	84	24	19
337	84	24	19
337	84	24	19
337	84	24	19
337	84	24	19
337	84	24	19
337	84	24	19
337	84	24	19
337	84	24	19
337	84	24	19
337	84	24	19
337	84	24	19
337	84	24	19
337	84	24	19
337	84	24	19
337	84	24	19
337	84	24	19
337	84	24	19
337	84	24	19
337	84	24	19
337	84	24	19
337	84	24	19
337	84	24	19
337	84	24	19
337	84	24	19
337	84	24	19
337	84	24	19
337	84	24	19
337	84	24	19
337	84	24	19
337	84	24	19
337	84	24	19
337	84	24	19
337	84	24	19
337	84	24	19
337	84	24	19
337	84	24	19
337	84	24	19
337	84	24	19
337	84	24	19
337	84	24	19
337	84	24	19
337	84	24	19
337	84	24	19
337	84	24	19
337	84	24	19
337	84	24	19
337	84	24	19
337	84	24	19
337	84	24	19
337	84	24	19
337	84	24	19
337	84	24	19
337	84	24	19
337	84	24	19
337	84	24	19
337	84	24	19
337	84	24	19
337	84	24	19
337	84	24	19
337	84	24	19
337	84	24	19
337	84	24	19
337	84	24	19
337	84	24	19
337	84	24	19
337	84	24	19
337	84	24	19
337	84	24	19
337	84	24	19
337	84	24	19
337	84	24	19
337	84	24	19
337	84	24	19
337	84	24	19
337	84	24	19
337	84	24	19
337	84	24	19
337	84	24	19
337	84	24	19
337	84	24	19
337	84	24	19
337	84	24	19
337	84	24	19
337	84	24	19
337	84	24	19
337	84	24	19
337	84	24	19
337	84	24	19
337	84	24	19
337	84	24	19
337	84	24	19
337	84	24	19
337	84	24	19
337	84	24	19
337	84	24	19
337	84	24	19
337	84	24	19
337	84	24	19
337	84	24	19
337	84	24	19
337	84	24	19
337	84	24	19
337	84	24	19
337	84	24	19
337	84	24	19
337	84	24	19
337	84	24	19
337	84	24	19
337	84	24	19
337	84	24	19
337	84	24	19
337	84	24	19
337	84	24	19
337	84	24	19
337	84	24	19
337	84	24	19
337	84	24	19
337	84	24	19
337	84	24	19
337	84	24	19
337	84	24	19
337	84	24	19
337	84	24	19
337	84	24	19
337	84	24	19
337	84	24	19
337	84	24	19
337	84	24	19
337	84	24	19
337	84	24	19
337	84	24	19
337	84	24	19
337	84	24	19
337	84	24	19
337	84	24	19
337	84	24	19
337	84	24	19
337	84	24	19
337	84	24	19
337	84	24	19
337	84	24	19
337	84	24	19
337	84	24	19
337	84	24	19
337	84	24	19
337	84	24	19
337	84	24	19
337	84	24	19
337	84	24	19
337	84	24	19
337	84	24	19
337	84	24	19
337	84	24	19
337	84	24	19
337	84	24	19
337	84	24	19
337	84	24	19
337	84	24	19
337	84	24	19
337	84	24	19
337	84	24	19
337	84	24	19
337	84	24	19
337	84	24	19
337	84	24	19
337	84	24	19
337	84	24	19
337	84	24	19
337	84	24	19
337	84	24	19
337	84	24	19
337	84	24	19
337	84	24	19
337	84	24	19
337	84	24	19
337	84	24	19
337	84	24	19
337	84	24	19
337	84	24	19
337	84	24	19
337	84	24	19
337	84	24	19
337	84	24	19
337	84	24	19
337	84	24	19
337	84	24	19
337	84	24	19
337	84	24	19
337	84	24	19
337	84	24	19
337	84	24	19
337	84	24	19
337	84	24	19
337	84	24	19
337	84	24	19
337	84	24	19
337	84	24	19
337	84	24	19
337	84	24	19
337	84	24	19
337	84	24	19
337	84	24	19
337	84	24	19
337	84	24	19
337	84	24	19
337	84	24	19
337	84	24	19
337	84	24	19
337	84	24	19
337	84	24	19
337	84	24	19
337	84	24	19
337	84	24	19
337	84	24	19
337	84	24	19
337	84	24	19
337	84	24	19
337	84	24	19
337	84	24	19
337	84	24	19
337	84	24	19
337	84	24	19
337	84	24	19
337	84	24	19
337	84	24	19
337	84	24	19
337	84	24	19
337	84	24	19
337	84	24	19
337	84	24	19
337	84	24	19
337	84	24	19
337	84	24	19
337	84	24	19
337	84	24	19
337	84	24	19
337	84	24	19
337	84	24	19
337	84	24	19
337	84	24	19
347	103	43	14
337	84	24	19
337	84	24	19
337	84	24	19
343	99	44	20
344	100	52	22
337	84	24	19
337	84	24	19
337	84	24	19
337	84	24	19
337	84	24	19
337	84	24	19
337	84	24	19
337	84	24	19
337	84	24	19
337	84	24	19
337	84	24	19
375	102	15	15
337	84	24	19
374	103	14	15
348	100	46	24
339	99	49	22
337	100	51	22
338	100	50	22
336	99	50	23
336	100	55	22
336	99	54	23
336	99	53	23
335	100	53	22
335	99	54	22
335	99	54	23
336	100	53	22
334	100	55	22
335	100	54	22
332	99	57	22
333	99	56	22
334	100	56	22
333	99	55	23
334	100	55	22
332	100	57	22
332	100	59	22
332	99	59	22
333	97	57	25
332	97	57	24
333	98	60	24
333	97	55	25
332	93	58	29
335	89	54	36
332	83	55	41
332	84	58	39
331	97	62	25
334	88	56	37
335	88	55	36
333	86	56	38
334	88	57	37
334	87	57	38
333	87	57	38
331	86	60	40
331	99	64	22
332	99	63	23
332	96	61	26
331	100	64	21
343	65	56	48
335	85	66	30
337	85	64	29
338	76	58	40
336	81	63	35
332	89	66	26
330	87	64	29
330	87	64	27
330	88	63	28
329	87	63	27
330	88	64	26
330	88	64	26
330	88	66	25
330	86	65	27
329	87	65	26
329	87	66	26
329	87	67	26
330	87	66	25
329	87	66	25
329	87	65	25
330	87	66	25
329	88	66	26
329	88	66	25
330	87	66	25
330	87	66	25
330	87	66	25
329	88	66	26
329	87	67	25
330	87	66	25
328	87	66	25
329	88	66	24
329	88	67	25
330	87	67	25
330	87	66	25
329	87	66	25
330	88	66	25
329	87	66	24
330	88	66	24
329	88	67	25
329	88	67	25
330	87	67	25
330	88	67	25
330	88	66	25
330	88	66	25
330	87	65	25
330	87	66	25
330	88	66	25
329	88	67	25
330	87	66	25
329	87	66	25
329	88	67	25
330	87	67	25
330	87	67	25
330	88	67	24
330	88	66	24
331	88	65	25
330	86	65	27
330	89	67	24
331	89	66	23
330	89	67	24
331	89	66	24
329	87	67	26
329	88	67	25
329	87	67	25
329	87	67	24
329	88	66	25
329	87	66	25
329	87	67	24
329	88	67	24
329	88	67	24
329	88	67	24
328	87	67	24
329	87	67	25
328	88	68	25
330	88	66	24
330	88	66	24
330	88	66	25
330	81	65	32
339	67	63	39
336	69	65	38
334	71	66	37
335	72	65	35
330	73	66	32
329	72	68	32
329	73	66	32
330	72	55	34
329	71	55	35
