290	218	19	40
290	216	19	39
290	217	19	39
290	217	19	39
290	215	19	39
290	218	19	40
290	216	19	40
290	217	19	39
290	216	19	38
290	216	19	38
290	216	19	39
290	217	19	38
290	217	19	38
290	217	19	38
290	216	19	39
290	216	19	39
290	216	19	39
290	215	19	39
290	217	19	39
290	216	19	39
290	216	19	39
290	217	19	38
290	217	19	38
290	216	19	39
290	217	18	38
290	216	19	39
290	215	19	39
290	216	19	39
290	217	19	39
290	216	19	39
290	217	19	39
290	217	19	39
290	216	18	39
290	216	18	39
290	216	19	39
290	217	19	38
290	217	19	38
290	217	19	38
290	217	19	38
290	216	19	38
