-1	-1	-1	-1
-1	-1	-1	-1
-1	-1	-1	-1
-1	-1	-1	-1
-1	-1	-1	-1
-1	-1	-1	-1
-1	-1	-1	-1
-1	-1	-1	-1
-1	-1	-1	-1
-1	-1	-1	-1
-1	-1	-1	-1
-1	-1	-1	-1
-1	-1	-1	-1
-1	-1	-1	-1
-1	-1	-1	-1
-1	-1	-1	-1
-1	-1	-1	-1
-1	-1	-1	-1
-1	-1	-1	-1
-1	-1	-1	-1
-1	-1	-1	-1
-1	-1	-1	-1
-1	-1	-1	-1
-1	-1	-1	-1
-1	-1	-1	-1
-1	-1	-1	-1
-1	-1	-1	-1
-1	-1	-1	-1
-1	-1	-1	-1
-1	-1	-1	-1
-1	-1	-1	-1
-1	-1	-1	-1
-1	-1	-1	-1
-1	-1	-1	-1
-1	-1	-1	-1
-1	-1	-1	-1
-1	-1	-1	-1
-1	-1	-1	-1
-1	-1	-1	-1
-1	-1	-1	-1
-1	-1	-1	-1
-1	-1	-1	-1
-1	-1	-1	-1
-1	-1	-1	-1
-1	-1	-1	-1
-1	-1	-1	-1
-1	-1	-1	-1
-1	-1	-1	-1
-1	-1	-1	-1
-1	-1	-1	-1
-1	-1	-1	-1
-1	-1	-1	-1
-1	-1	-1	-1
-1	-1	-1	-1
-1	-1	-1	-1
-1	-1	-1	-1
-1	-1	-1	-1
-1	-1	-1	-1
-1	-1	-1	-1
-1	-1	-1	-1
-1	-1	-1	-1
-1	-1	-1	-1
-1	-1	-1	-1
-1	-1	-1	-1
-1	-1	-1	-1
-1	-1	-1	-1
-1	-1	-1	-1
-1	-1	-1	-1
-1	-1	-1	-1
-1	-1	-1	-1
-1	-1	-1	-1
-1	-1	-1	-1
-1	-1	-1	-1
-1	-1	-1	-1
-1	-1	-1	-1
-1	-1	-1	-1
-1	-1	-1	-1
-1	-1	-1	-1
-1	-1	-1	-1
-1	-1	-1	-1
-1	-1	-1	-1
-1	-1	-1	-1
-1	-1	-1	-1
-1	-1	-1	-1
-1	-1	-1	-1
-1	-1	-1	-1
-1	-1	-1	-1
-1	-1	-1	-1
-1	-1	-1	-1
-1	-1	-1	-1
-1	-1	-1	-1
-1	-1	-1	-1
-1	-1	-1	-1
-1	-1	-1	-1
-1	-1	-1	-1
-1	-1	-1	-1
-1	-1	-1	-1
-1	-1	-1	-1
-1	-1	-1	-1
-1	-1	-1	-1
-1	-1	-1	-1
-1	-1	-1	-1
-1	-1	-1	-1
-1	-1	-1	-1
-1	-1	-1	-1
-1	-1	-1	-1
-1	-1	-1	-1
-1	-1	-1	-1
-1	-1	-1	-1
-1	-1	-1	-1
-1	-1	-1	-1
-1	-1	-1	-1
-1	-1	-1	-1
-1	-1	-1	-1
-1	-1	-1	-1
-1	-1	-1	-1
-1	-1	-1	-1
-1	-1	-1	-1
-1	-1	-1	-1
-1	-1	-1	-1
-1	-1	-1	-1
-1	-1	-1	-1
-1	-1	-1	-1
-1	-1	-1	-1
-1	-1	-1	-1
-1	-1	-1	-1
-1	-1	-1	-1
-1	-1	-1	-1
-1	-1	-1	-1
-1	-1	-1	-1
-1	-1	-1	-1
-1	-1	-1	-1
-1	-1	-1	-1
-1	-1	-1	-1
-1	-1	-1	-1
-1	-1	-1	-1
-1	-1	-1	-1
-1	-1	-1	-1
-1	-1	-1	-1
-1	-1	-1	-1
-1	-1	-1	-1
-1	-1	-1	-1
-1	-1	-1	-1
-1	-1	-1	-1
-1	-1	-1	-1
-1	-1	-1	-1
-1	-1	-1	-1
-1	-1	-1	-1
-1	-1	-1	-1
-1	-1	-1	-1
-1	-1	-1	-1
-1	-1	-1	-1
-1	-1	-1	-1
-1	-1	-1	-1
-1	-1	-1	-1
-1	-1	-1	-1
-1	-1	-1	-1
-1	-1	-1	-1
-1	-1	-1	-1
-1	-1	-1	-1
-1	-1	-1	-1
-1	-1	-1	-1
-1	-1	-1	-1
-1	-1	-1	-1
-1	-1	-1	-1
-1	-1	-1	-1
-1	-1	-1	-1
-1	-1	-1	-1
-1	-1	-1	-1
-1	-1	-1	-1
-1	-1	-1	-1
-1	-1	-1	-1
-1	-1	-1	-1
-1	-1	-1	-1
-1	-1	-1	-1
-1	-1	-1	-1
-1	-1	-1	-1
-1	-1	-1	-1
-1	-1	-1	-1
-1	-1	-1	-1
-1	-1	-1	-1
-1	-1	-1	-1
-1	-1	-1	-1
-1	-1	-1	-1
-1	-1	-1	-1
-1	-1	-1	-1
-1	-1	-1	-1
-1	-1	-1	-1
-1	-1	-1	-1
-1	-1	-1	-1
-1	-1	-1	-1
-1	-1	-1	-1
-1	-1	-1	-1
-1	-1	-1	-1
-1	-1	-1	-1
-1	-1	-1	-1
-1	-1	-1	-1
-1	-1	-1	-1
-1	-1	-1	-1
-1	-1	-1	-1
-1	-1	-1	-1
-1	-1	-1	-1
-1	-1	-1	-1
-1	-1	-1	-1
-1	-1	-1	-1
-1	-1	-1	-1
-1	-1	-1	-1
-1	-1	-1	-1
-1	-1	-1	-1
-1	-1	-1	-1
-1	-1	-1	-1
-1	-1	-1	-1
-1	-1	-1	-1
-1	-1	-1	-1
-1	-1	-1	-1
-1	-1	-1	-1
-1	-1	-1	-1
-1	-1	-1	-1
-1	-1	-1	-1
-1	-1	-1	-1
-1	-1	-1	-1
-1	-1	-1	-1
-1	-1	-1	-1
-1	-1	-1	-1
-1	-1	-1	-1
-1	-1	-1	-1
-1	-1	-1	-1
-1	-1	-1	-1
-1	-1	-1	-1
-1	-1	-1	-1
-1	-1	-1	-1
-1	-1	-1	-1
-1	-1	-1	-1
-1	-1	-1	-1
-1	-1	-1	-1
-1	-1	-1	-1
-1	-1	-1	-1
-1	-1	-1	-1
-1	-1	-1	-1
-1	-1	-1	-1
-1	-1	-1	-1
-1	-1	-1	-1
-1	-1	-1	-1
-1	-1	-1	-1
-1	-1	-1	-1
-1	-1	-1	-1
-1	-1	-1	-1
-1	-1	-1	-1
-1	-1	-1	-1
-1	-1	-1	-1
-1	-1	-1	-1
-1	-1	-1	-1
-1	-1	-1	-1
-1	-1	-1	-1
-1	-1	-1	-1
-1	-1	-1	-1
-1	-1	-1	-1
-1	-1	-1	-1
-1	-1	-1	-1
-1	-1	-1	-1
-1	-1	-1	-1
-1	-1	-1	-1
-1	-1	-1	-1
-1	-1	-1	-1
-1	-1	-1	-1
-1	-1	-1	-1
-1	-1	-1	-1
-1	-1	-1	-1
-1	-1	-1	-1
-1	-1	-1	-1
-1	-1	-1	-1
-1	-1	-1	-1
-1	-1	-1	-1
-1	-1	-1	-1
-1	-1	-1	-1
-1	-1	-1	-1
-1	-1	-1	-1
-1	-1	-1	-1
-1	-1	-1	-1
-1	-1	-1	-1
-1	-1	-1	-1
-1	-1	-1	-1
-1	-1	-1	-1
-1	-1	-1	-1
-1	-1	-1	-1
-1	-1	-1	-1
-1	-1	-1	-1
-1	-1	-1	-1
-1	-1	-1	-1
-1	-1	-1	-1
-1	-1	-1	-1
-1	-1	-1	-1
-1	-1	-1	-1
-1	-1	-1	-1
-1	-1	-1	-1
-1	-1	-1	-1
-1	-1	-1	-1
-1	-1	-1	-1
-1	-1	-1	-1
-1	-1	-1	-1
-1	-1	-1	-1
-1	-1	-1	-1
-1	-1	-1	-1
-1	-1	-1	-1
-1	-1	-1	-1
-1	-1	-1	-1
-1	-1	-1	-1
-1	-1	-1	-1
-1	-1	-1	-1
-1	-1	-1	-1
-1	-1	-1	-1
-1	-1	-1	-1
-1	-1	-1	-1
-1	-1	-1	-1
-1	-1	-1	-1
-1	-1	-1	-1
-1	-1	-1	-1
-1	-1	-1	-1
-1	-1	-1	-1
-1	-1	-1	-1
-1	-1	-1	-1
-1	-1	-1	-1
-1	-1	-1	-1
-1	-1	-1	-1
-1	-1	-1	-1
-1	-1	-1	-1
-1	-1	-1	-1
-1	-1	-1	-1
-1	-1	-1	-1
-1	-1	-1	-1
-1	-1	-1	-1
-1	-1	-1	-1
-1	-1	-1	-1
-1	-1	-1	-1
-1	-1	-1	-1
-1	-1	-1	-1
-1	-1	-1	-1
-1	-1	-1	-1
-1	-1	-1	-1
-1	-1	-1	-1
-1	-1	-1	-1
-1	-1	-1	-1
-1	-1	-1	-1
-1	-1	-1	-1
-1	-1	-1	-1
-1	-1	-1	-1
-1	-1	-1	-1
-1	-1	-1	-1
-1	-1	-1	-1
-1	-1	-1	-1
-1	-1	-1	-1
-1	-1	-1	-1
-1	-1	-1	-1
-1	-1	-1	-1
-1	-1	-1	-1
-1	-1	-1	-1
-1	-1	-1	-1
-1	-1	-1	-1
-1	-1	-1	-1
-1	-1	-1	-1
-1	-1	-1	-1
-1	-1	-1	-1
-1	-1	-1	-1
-1	-1	-1	-1
-1	-1	-1	-1
-1	-1	-1	-1
-1	-1	-1	-1
-1	-1	-1	-1
-1	-1	-1	-1
-1	-1	-1	-1
-1	-1	-1	-1
300	216	10	31
299	215	10	35
299	215	11	34
299	216	11	33
299	215	11	34
299	215	10	33
299	215	11	34
299	216	11	34
299	216	11	34
299	215	10	34
299	215	10	34
299	215	11	33
299	216	11	33
299	215	11	33
299	215	11	33
299	215	11	33
299	215	11	33
299	215	10	33
299	216	11	33
299	215	11	33
299	215	11	34
299	215	11	33
299	215	11	33
299	216	11	33
299	215	11	34
299	215	11	34
299	215	11	34
300	216	10	33
299	215	10	34
299	215	11	33
299	215	11	34
299	215	10	34
299	215	11	34
299	214	11	34
299	215	11	33
299	215	11	33
299	214	10	33
299	215	11	33
299	215	10	33
299	216	11	34
299	213	11	34
299	215	11	33
299	215	11	33
299	215	11	33
299	215	11	33
299	215	11	34
299	213	11	35
299	214	11	35
299	213	11	36
299	214	11	34
299	215	12	35
299	214	11	35
299	213	12	34
299	214	11	35
300	214	10	34
299	215	11	34
300	215	10	34
300	215	10	34
300	214	10	36
300	214	10	34
299	214	11	34
299	214	11	34
299	215	11	34
299	213	11	35
299	213	11	36
299	214	11	35
299	214	10	34
299	215	11	34
299	215	11	34
299	216	10	33
299	215	10	34
300	215	10	34
300	214	9	34
300	214	9	32
301	214	9	32
300	214	10	33
300	215	10	33
300	215	10	33
299	215	10	33
299	215	11	33
299	215	10	33
299	214	11	34
299	215	11	33
299	215	11	34
299	215	11	34
299	215	11	33
299	215	11	33
299	214	11	34
299	214	11	34
299	214	11	33
299	214	11	33
299	215	11	33
299	214	11	34
299	214	11	33
299	215	10	33
299	214	10	34
299	215	11	34
299	215	11	34
299	214	11	35
299	214	11	35
299	214	11	35
299	213	11	35
299	213	11	35
299	213	12	35
299	214	11	35
299	214	11	34
299	214	11	35
300	213	11	35
299	213	11	35
299	213	11	36
300	213	10	35
300	214	11	34
299	213	11	35
299	213	11	35
299	213	11	35
299	214	11	35
300	213	11	35
300	213	10	35
299	215	11	34
300	213	10	34
300	214	11	34
300	215	10	33
299	215	10	33
299	215	11	33
299	215	10	33
299	214	10	33
299	215	10	33
299	214	10	34
300	214	10	34
299	215	10	34
299	214	10	34
299	214	10	34
299	213	10	34
299	214	10	34
300	214	10	34
300	215	10	33
299	215	10	33
299	215	11	33
299	215	11	34
299	215	10	34
299	215	11	34
299	215	11	34
299	215	11	34
299	217	11	33
299	215	11	34
299	213	11	35
299	214	11	33
299	214	11	34
299	214	11	34
299	216	11	34
299	215	11	35
299	215	11	34
299	214	11	33
299	215	11	33
299	214	10	34
299	215	10	33
300	215	10	33
299	215	10	33
299	214	11	33
299	214	11	34
300	214	11	34
300	214	11	34
300	215	10	34
300	215	10	33
300	214	10	35
300	214	10	34
300	214	11	34
300	214	10	34
300	215	10	33
299	214	11	34
299	213	11	35
299	213	11	35
299	213	11	35
299	214	11	35
299	213	12	34
299	214	11	35
300	214	10	33
300	214	10	33
299	215	10	33
299	214	11	33
299	215	11	33
299	216	11	33
300	215	10	33
299	215	11	34
299	215	11	34
299	215	11	34
299	215	11	34
299	215	11	35
299	214	11	34
299	215	11	32
299	215	10	33
299	214	10	33
299	215	11	34
299	213	11	35
299	214	11	34
299	215	11	34
299	214	11	34
299	213	11	34
299	213	11	35
300	212	11	36
300	213	9	34
300	214	10	34
300	214	9	34
299	214	10	34
299	215	11	33
299	215	11	34
299	215	11	34
299	214	11	34
299	215	10	34
299	215	10	34
300	215	10	34
300	215	10	34
299	214	11	33
299	215	11	34
299	215	11	34
299	215	11	34
299	215	11	34
299	214	11	34
299	215	11	34
299	215	10	33
299	215	11	33
299	215	10	33
299	214	10	34
299	214	11	33
299	215	11	34
299	215	11	34
299	215	11	34
299	215	11	35
299	216	11	33
299	215	10	34
299	213	10	34
299	214	10	34
299	215	11	33
299	214	11	34
299	215	11	34
299	214	11	34
299	214	11	33
299	214	11	34
299	214	10	33
300	215	10	33
300	213	10	34
299	215	11	34
299	215	11	33
