369	250	13	14
369	250	13	13
369	249	13	13
368	249	13	14
369	250	13	13
369	250	13	12
369	250	13	13
369	250	13	13
369	250	14	12
369	250	14	13
369	250	14	13
368	250	14	13
369	250	13	12
369	250	14	13
368	250	14	13
368	250	14	13
369	250	13	12
368	250	14	12
368	250	14	13
368	250	14	13
369	250	14	12
369	250	14	12
369	250	14	13
369	250	14	13
369	250	13	13
368	250	14	13
368	249	14	13
368	249	14	13
369	250	14	12
369	249	14	13
369	250	13	13
369	250	14	12
369	250	13	13
369	250	13	12
369	250	13	14
369	250	13	13
369	250	13	12
369	250	13	13
369	250	13	12
368	250	14	12
369	251	13	11
368	250	14	12
368	250	13	13
368	250	13	12
368	250	14	13
368	249	14	14
368	250	13	14
368	250	13	14
369	250	13	14
369	250	13	13
368	250	14	13
368	250	14	13
368	250	13	14
368	250	13	13
368	250	13	14
369	250	13	13
368	250	14	13
368	250	14	13
368	250	14	13
368	250	14	13
368	250	14	13
368	250	14	13
368	250	13	12
369	250	13	12
368	250	14	13
368	250	14	13
369	250	14	12
369	250	13	13
368	250	14	14
369	250	13	13
369	250	13	14
369	250	14	13
368	250	14	13
368	250	14	13
368	250	13	13
368	250	13	13
369	250	13	13
368	250	14	13
368	250	14	12
369	250	14	12
369	250	14	12
368	250	14	13
369	250	13	13
368	250	14	12
369	250	13	13
369	250	14	13
369	250	13	13
369	250	13	13
369	250	14	13
368	250	14	13
368	250	14	13
368	250	14	14
368	250	13	13
368	250	14	13
368	250	14	13
369	250	13	13
369	250	14	13
368	250	13	13
368	250	13	12
368	250	14	13
368	250	14	14
368	250	14	13
368	250	14	13
368	250	14	13
368	250	14	12
368	250	14	13
368	250	14	13
368	250	14	14
368	250	14	13
368	250	14	13
368	250	14	14
369	250	13	14
369	250	13	14
368	250	13	13
368	250	14	13
368	250	14	13
368	250	14	13
368	250	14	13
368	250	14	13
368	250	13	13
369	250	13	13
368	250	14	13
368	250	14	14
368	250	14	13
368	250	14	13
368	250	14	12
368	250	14	12
369	250	11	15
368	258	13	14
367	253	15	10
367	253	15	10
367	253	15	10
369	255	12	10
374	257	13	14
374	258	13	15
374	258	13	14
374	258	13	13
375	258	13	13
374	258	13	14
374	258	13	13
374	258	13	14
374	258	13	14
374	258	13	14
373	258	13	13
374	259	13	13
373	258	14	13
374	258	13	14
374	258	13	13
374	258	13	14
374	258	13	14
374	258	13	14
374	258	13	13
374	258	13	14
374	258	13	14
374	258	13	13
374	258	13	13
374	258	13	14
374	258	13	13
374	258	13	13
374	258	13	13
374	258	13	13
374	258	13	14
374	258	13	14
374	258	13	13
374	258	13	13
374	258	13	13
374	258	13	13
374	258	13	14
374	258	13	14
373	258	13	13
374	258	13	13
373	258	13	13
374	258	13	14
374	258	13	14
374	258	13	13
374	259	13	12
374	258	13	13
374	258	13	14
374	258	13	14
374	258	13	14
374	258	13	14
374	258	13	14
374	259	13	14
374	258	13	14
374	258	13	14
374	258	13	14
374	258	13	14
374	258	13	14
374	258	13	14
374	258	13	14
374	258	13	14
374	259	13	13
373	258	13	13
374	258	13	14
374	258	13	13
374	258	13	14
374	258	13	13
374	258	13	13
374	258	13	14
374	258	13	13
374	258	13	13
373	258	14	13
373	258	14	14
374	258	14	13
374	257	12	16
373	259	11	15
373	258	10	13
373	258	10	13
373	258	10	13
373	258	10	13
373	258	10	13
374	257	12	15
373	258	14	14
374	258	13	13
374	259	13	12
374	258	13	12
374	258	13	13
374	258	13	14
374	258	13	14
374	258	13	14
374	258	13	14
374	258	14	13
374	258	13	13
374	258	13	13
374	258	13	14
374	258	13	13
374	258	13	13
373	258	13	14
374	258	13	13
374	258	13	13
374	258	13	14
374	258	13	13
373	258	13	13
374	258	13	13
374	258	13	12
374	258	13	12
374	258	13	13
374	258	13	13
374	258	13	13
374	258	13	14
374	258	13	13
374	258	13	13
374	258	13	13
374	258	13	13
373	258	13	14
374	258	13	13
374	258	13	13
374	258	13	12
374	258	13	14
374	258	13	13
374	258	13	13
374	258	13	13
374	258	13	13
374	258	13	13
374	258	13	13
374	258	13	13
374	259	13	12
374	258	13	12
374	258	13	13
374	258	13	13
374	258	13	12
374	258	13	12
374	258	13	13
374	258	13	13
374	258	13	14
374	258	13	13
374	258	13	13
374	258	13	13
373	258	13	13
374	258	13	14
374	258	13	13
373	258	13	13
374	258	13	14
374	258	13	14
374	258	13	14
374	258	14	13
373	258	13	13
373	258	13	14
374	258	12	13
374	259	11	13
375	257	11	17
375	261	9	14
375	259	8	14
376	260	8	15
375	258	12	13
374	258	13	14
374	258	13	14
