383	276	16	17
384	275	15	16
384	275	15	15
384	276	15	14
384	276	16	15
383	276	16	13
384	276	15	13
384	276	15	14
384	276	15	15
384	275	15	16
384	276	15	16
384	275	15	16
384	276	15	16
384	275	15	15
384	276	15	16
384	276	15	13
384	275	15	12
384	275	15	13
384	276	15	13
384	276	15	13
383	276	16	13
384	275	15	16
384	276	15	13
384	276	16	13
384	276	15	13
384	275	15	16
384	275	15	16
383	276	15	16
384	275	15	17
383	275	15	17
384	276	15	17
384	275	15	17
384	275	15	17
384	275	15	16
384	276	15	14
384	276	15	15
384	276	15	17
384	275	15	16
384	275	15	16
383	276	16	17
384	276	15	17
384	275	15	17
384	275	15	18
383	275	15	18
383	275	15	18
384	275	15	17
384	276	15	14
384	275	15	12
384	276	15	12
384	275	15	12
384	276	15	12
384	276	15	12
384	275	15	11
384	275	15	17
384	276	15	18
384	276	15	17
384	275	15	18
384	275	15	18
384	275	15	17
384	275	15	18
384	276	15	18
384	275	15	18
384	276	15	17
383	275	15	17
383	276	15	17
384	276	15	18
384	275	15	18
384	275	15	18
383	275	15	18
384	275	15	17
384	275	15	17
384	275	15	18
384	275	15	18
384	275	15	18
384	275	14	18
384	275	15	18
384	275	15	18
383	275	15	17
384	275	15	17
384	275	15	17
384	276	15	18
384	276	15	18
384	276	15	18
384	276	14	17
384	275	15	17
384	275	15	17
384	275	15	16
384	276	15	17
384	275	15	18
384	275	15	18
384	275	15	18
384	276	15	18
384	275	15	18
383	275	15	18
384	275	14	18
384	275	15	18
384	275	15	18
384	275	15	18
384	275	15	18
384	276	15	18
384	276	15	18
384	275	15	17
384	275	15	17
384	275	15	18
384	276	15	18
384	276	15	18
384	275	15	18
384	275	15	18
384	275	15	18
384	275	15	18
383	275	15	17
384	276	15	18
384	276	15	18
384	275	15	18
384	276	15	18
384	275	15	18
384	276	15	17
384	275	15	17
384	275	15	18
384	275	14	17
384	275	15	17
384	276	15	17
384	275	15	17
385	277	15	16
385	277	15	17
385	277	16	16
385	277	15	16
385	276	15	16
385	277	15	17
385	276	15	17
385	276	15	18
385	276	15	17
384	276	15	17
385	276	15	16
384	276	16	17
385	277	15	17
384	276	15	17
384	276	15	18
385	276	15	17
385	276	15	17
384	276	15	17
384	276	15	16
385	277	15	16
385	276	15	16
384	276	16	13
384	276	15	11
384	276	15	11
384	276	15	15
383	276	16	13
383	276	16	15
384	276	16	17
384	277	15	17
384	276	15	17
384	277	15	16
384	277	15	16
384	276	15	17
384	277	15	16
384	276	15	16
384	276	15	17
384	277	15	16
384	276	15	16
384	277	15	17
385	276	15	17
384	276	16	17
384	276	15	16
384	276	15	17
384	276	15	16
384	276	15	17
384	276	15	17
385	276	14	16
384	277	15	16
384	276	15	17
384	277	15	16
384	276	15	17
384	277	15	17
384	276	15	17
384	277	15	17
384	276	15	17
385	277	15	17
384	276	15	17
384	276	15	16
384	276	15	16
384	277	15	15
384	276	15	17
384	277	15	16
383	276	16	16
385	277	15	16
384	276	15	16
386	277	14	16
385	276	15	16
385	277	15	17
384	276	15	17
384	276	15	17
385	277	15	17
384	276	15	17
385	276	15	18
385	276	15	17
384	276	15	17
384	277	15	17
385	276	15	16
384	276	16	17
384	276	15	17
385	276	15	16
384	276	15	17
384	276	16	16
385	277	15	17
385	276	15	15
385	277	15	16
385	276	15	17
385	277	14	17
385	276	14	16
384	277	15	16
384	277	16	17
384	276	16	16
385	277	15	16
384	276	15	16
385	277	15	16
384	276	15	17
384	276	15	17
385	277	15	17
385	276	15	17
385	276	15	17
385	276	15	17
385	276	15	17
385	276	15	16
384	277	15	16
384	276	15	17
384	276	15	16
384	277	15	17
384	276	15	17
385	277	15	16
385	276	14	16
384	277	15	16
385	276	14	18
385	276	14	17
385	276	15	17
384	276	15	17
384	276	15	17
385	277	15	17
385	276	15	17
385	276	15	17
385	276	15	17
385	276	14	17
385	277	15	17
385	276	15	17
385	276	15	17
385	277	15	17
385	276	15	17
385	277	15	16
384	276	15	16
384	277	15	17
385	276	15	18
385	276	15	16
385	277	15	17
385	276	15	17
385	277	15	16
385	276	15	17
385	276	15	16
385	277	15	16
384	276	15	17
384	276	15	18
384	276	15	18
385	276	16	17
385	277	15	17
385	276	15	16
385	276	15	17
385	277	15	16
384	276	15	16
385	277	15	17
385	276	14	17
385	276	15	17
385	276	15	17
385	277	14	17
385	276	15	17
384	276	15	17
384	277	15	16
384	277	15	16
384	277	15	16
384	276	15	16
385	276	15	17
385	276	15	16
385	276	16	17
385	276	15	16
385	276	16	14
385	276	15	16
385	277	16	15
374	276	15	17
373	276	15	18
373	276	15	19
373	276	14	19
373	276	15	19
373	276	15	19
373	275	15	19
374	275	15	19
373	275	15	20
373	275	15	20
373	276	15	20
374	275	14	20
374	276	15	20
374	276	15	19
373	275	15	19
374	276	14	19
373	276	15	19
374	275	14	20
374	275	14	19
374	275	14	19
373	276	14	19
373	276	15	19
373	275	15	19
373	275	15	20
373	276	15	20
374	276	14	19
374	276	14	19
373	276	14	19
373	275	14	20
373	276	15	19
374	275	15	19
374	275	15	19
374	275	15	19
373	275	15	19
374	275	15	20
374	275	14	20
374	275	15	20
374	275	14	19
374	275	14	19
374	276	14	20
373	275	15	19
374	275	15	19
373	275	15	19
373	275	15	19
374	276	15	19
373	275	15	19
373	276	14	20
373	275	15	20
373	275	15	19
373	275	15	20
373	276	15	19
373	276	15	19
373	275	15	19
374	275	15	20
373	275	15	20
374	275	14	19
374	275	15	19
373	276	15	19
374	275	15	19
374	275	14	20
374	275	15	20
373	275	15	19
374	275	15	20
373	275	15	19
373	275	15	19
373	275	15	20
373	275	15	20
373	275	15	19
373	275	15	20
374	275	15	19
373	276	15	20
373	275	15	20
374	275	15	19
374	276	15	19
374	275	15	19
373	276	14	19
373	276	15	19
374	275	15	19
374	275	15	19
373	275	15	19
374	275	15	19
373	275	15	20
374	275	15	19
373	275	15	19
373	275	15	19
373	275	15	20
373	275	15	19
373	276	16	19
373	275	15	19
373	276	15	19
381	277	15	16
382	278	14	16
382	279	14	14
382	279	15	15
381	278	15	15
381	279	15	14
380	278	16	15
381	279	15	14
381	278	16	15
381	279	15	14
381	278	15	15
380	278	16	15
382	279	15	15
382	278	15	14
381	278	15	15
381	278	15	15
381	278	15	15
381	278	15	15
382	278	14	14
382	278	14	15
381	278	15	15
381	278	15	14
381	278	15	15
382	278	14	15
382	279	14	15
381	278	14	15
381	278	14	16
381	278	15	15
381	278	15	16
381	278	15	15
381	278	15	15
381	278	15	16
381	278	14	16
381	278	14	15
381	278	14	15
382	279	14	15
381	278	15	15
381	278	15	15
381	278	15	15
381	278	15	15
382	279	15	15
381	278	15	15
381	278	14	15
381	278	14	15
381	279	15	15
381	278	14	15
382	279	14	15
381	278	15	15
381	278	15	15
381	278	15	16
380	278	15	16
381	278	15	15
381	278	15	16
381	278	15	15
381	277	15	15
381	278	15	16
381	279	15	16
381	278	14	16
380	278	15	16
381	278	15	16
381	278	15	15
381	278	15	14
381	279	15	14
381	279	15	14
381	278	15	14
382	278	15	14
381	278	15	15
382	278	15	15
382	278	15	14
381	278	15	15
381	279	16	14
381	278	15	15
382	278	15	15
379	278	15	15
379	278	15	15
379	278	14	16
379	278	14	16
378	277	15	16
379	278	15	16
379	278	15	16
378	278	15	15
378	278	15	16
378	278	14	16
372	278	15	17
372	278	15	18
372	278	15	18
372	278	15	18
372	278	15	17
372	278	15	18
372	278	15	17
372	278	15	18
372	277	15	18
372	278	15	18
372	278	15	18
372	278	15	18
372	278	15	18
372	277	15	19
372	278	15	18
372	278	15	18
372	278	15	18
372	277	15	18
372	278	15	18
372	278	15	18
372	278	15	18
372	278	15	18
372	278	15	18
372	278	15	18
372	278	15	18
372	278	15	18
372	278	15	18
372	278	15	18
372	278	15	18
372	278	15	18
372	278	15	18
372	278	15	18
372	277	15	19
372	278	15	18
372	278	14	18
372	278	15	18
372	278	14	18
372	278	15	18
372	278	15	19
372	278	15	18
372	278	15	18
372	278	15	18
372	277	15	19
372	278	14	18
372	278	15	18
372	278	15	18
372	278	15	18
372	278	15	18
372	278	15	18
372	278	15	17
372	278	15	17
371	278	15	18
372	278	15	18
371	278	15	18
372	278	15	18
372	278	15	18
372	278	15	18
372	278	15	18
372	277	15	18
372	278	15	18
372	278	15	18
372	278	15	18
372	278	15	18
372	278	15	18
372	277	15	18
372	278	15	18
372	278	15	19
372	278	15	19
372	278	15	18
372	278	15	18
372	278	15	18
372	278	15	18
372	278	15	18
372	278	15	18
372	278	15	18
372	278	15	18
372	278	15	18
372	278	15	18
372	278	15	18
372	277	15	18
372	278	15	18
372	278	15	18
372	278	15	18
372	278	15	18
372	278	15	18
372	278	15	18
372	278	15	18
372	278	15	18
372	278	15	18
372	278	15	18
372	277	15	18
372	278	15	18
372	278	15	18
372	278	15	18
372	277	15	18
372	278	15	18
372	278	15	18
372	278	15	18
372	278	15	18
372	277	14	18
372	278	15	18
372	277	15	18
372	278	15	18
372	278	15	18
372	278	15	18
372	278	15	18
372	278	15	18
372	278	15	18
372	278	15	18
372	278	15	18
372	278	15	18
372	278	15	18
372	278	15	18
372	278	15	18
372	278	15	18
372	278	15	18
372	278	15	18
372	278	15	18
372	278	15	18
372	278	15	18
372	278	15	18
372	278	15	18
372	278	15	18
372	278	15	18
372	278	15	18
372	278	15	18
372	278	15	18
372	278	14	18
372	278	14	18
372	278	14	18
372	278	15	18
372	278	15	18
372	278	15	18
372	278	15	18
372	278	15	18
372	277	15	18
372	278	15	18
372	277	15	18
372	278	15	18
