-1	-1	-1	-1
-1	-1	-1	-1
-1	-1	-1	-1
-1	-1	-1	-1
-1	-1	-1	-1
-1	-1	-1	-1
-1	-1	-1	-1
-1	-1	-1	-1
-1	-1	-1	-1
-1	-1	-1	-1
-1	-1	-1	-1
-1	-1	-1	-1
-1	-1	-1	-1
-1	-1	-1	-1
-1	-1	-1	-1
-1	-1	-1	-1
-1	-1	-1	-1
-1	-1	-1	-1
-1	-1	-1	-1
-1	-1	-1	-1
-1	-1	-1	-1
-1	-1	-1	-1
-1	-1	-1	-1
-1	-1	-1	-1
-1	-1	-1	-1
-1	-1	-1	-1
-1	-1	-1	-1
-1	-1	-1	-1
-1	-1	-1	-1
-1	-1	-1	-1
-1	-1	-1	-1
-1	-1	-1	-1
-1	-1	-1	-1
-1	-1	-1	-1
-1	-1	-1	-1
-1	-1	-1	-1
-1	-1	-1	-1
-1	-1	-1	-1
-1	-1	-1	-1
-1	-1	-1	-1
-1	-1	-1	-1
-1	-1	-1	-1
-1	-1	-1	-1
-1	-1	-1	-1
-1	-1	-1	-1
-1	-1	-1	-1
-1	-1	-1	-1
-1	-1	-1	-1
-1	-1	-1	-1
-1	-1	-1	-1
-1	-1	-1	-1
-1	-1	-1	-1
-1	-1	-1	-1
-1	-1	-1	-1
-1	-1	-1	-1
-1	-1	-1	-1
-1	-1	-1	-1
-1	-1	-1	-1
-1	-1	-1	-1
-1	-1	-1	-1
-1	-1	-1	-1
-1	-1	-1	-1
-1	-1	-1	-1
-1	-1	-1	-1
-1	-1	-1	-1
-1	-1	-1	-1
-1	-1	-1	-1
-1	-1	-1	-1
-1	-1	-1	-1
-1	-1	-1	-1
-1	-1	-1	-1
-1	-1	-1	-1
-1	-1	-1	-1
-1	-1	-1	-1
-1	-1	-1	-1
-1	-1	-1	-1
-1	-1	-1	-1
-1	-1	-1	-1
-1	-1	-1	-1
-1	-1	-1	-1
-1	-1	-1	-1
-1	-1	-1	-1
-1	-1	-1	-1
-1	-1	-1	-1
-1	-1	-1	-1
-1	-1	-1	-1
-1	-1	-1	-1
-1	-1	-1	-1
-1	-1	-1	-1
-1	-1	-1	-1
-1	-1	-1	-1
-1	-1	-1	-1
-1	-1	-1	-1
-1	-1	-1	-1
-1	-1	-1	-1
-1	-1	-1	-1
-1	-1	-1	-1
-1	-1	-1	-1
-1	-1	-1	-1
-1	-1	-1	-1
-1	-1	-1	-1
-1	-1	-1	-1
-1	-1	-1	-1
-1	-1	-1	-1
-1	-1	-1	-1
-1	-1	-1	-1
-1	-1	-1	-1
-1	-1	-1	-1
-1	-1	-1	-1
-1	-1	-1	-1
-1	-1	-1	-1
-1	-1	-1	-1
-1	-1	-1	-1
-1	-1	-1	-1
-1	-1	-1	-1
-1	-1	-1	-1
-1	-1	-1	-1
-1	-1	-1	-1
-1	-1	-1	-1
-1	-1	-1	-1
-1	-1	-1	-1
-1	-1	-1	-1
-1	-1	-1	-1
-1	-1	-1	-1
-1	-1	-1	-1
-1	-1	-1	-1
-1	-1	-1	-1
-1	-1	-1	-1
-1	-1	-1	-1
-1	-1	-1	-1
-1	-1	-1	-1
-1	-1	-1	-1
-1	-1	-1	-1
-1	-1	-1	-1
-1	-1	-1	-1
-1	-1	-1	-1
-1	-1	-1	-1
-1	-1	-1	-1
-1	-1	-1	-1
-1	-1	-1	-1
-1	-1	-1	-1
-1	-1	-1	-1
-1	-1	-1	-1
-1	-1	-1	-1
-1	-1	-1	-1
-1	-1	-1	-1
-1	-1	-1	-1
-1	-1	-1	-1
-1	-1	-1	-1
-1	-1	-1	-1
-1	-1	-1	-1
-1	-1	-1	-1
-1	-1	-1	-1
-1	-1	-1	-1
-1	-1	-1	-1
-1	-1	-1	-1
-1	-1	-1	-1
-1	-1	-1	-1
-1	-1	-1	-1
-1	-1	-1	-1
-1	-1	-1	-1
-1	-1	-1	-1
-1	-1	-1	-1
-1	-1	-1	-1
-1	-1	-1	-1
-1	-1	-1	-1
-1	-1	-1	-1
-1	-1	-1	-1
-1	-1	-1	-1
-1	-1	-1	-1
-1	-1	-1	-1
-1	-1	-1	-1
-1	-1	-1	-1
-1	-1	-1	-1
-1	-1	-1	-1
-1	-1	-1	-1
-1	-1	-1	-1
-1	-1	-1	-1
-1	-1	-1	-1
-1	-1	-1	-1
-1	-1	-1	-1
-1	-1	-1	-1
-1	-1	-1	-1
-1	-1	-1	-1
-1	-1	-1	-1
-1	-1	-1	-1
-1	-1	-1	-1
-1	-1	-1	-1
-1	-1	-1	-1
-1	-1	-1	-1
-1	-1	-1	-1
-1	-1	-1	-1
-1	-1	-1	-1
-1	-1	-1	-1
-1	-1	-1	-1
-1	-1	-1	-1
-1	-1	-1	-1
-1	-1	-1	-1
-1	-1	-1	-1
-1	-1	-1	-1
-1	-1	-1	-1
-1	-1	-1	-1
-1	-1	-1	-1
-1	-1	-1	-1
-1	-1	-1	-1
-1	-1	-1	-1
-1	-1	-1	-1
-1	-1	-1	-1
-1	-1	-1	-1
-1	-1	-1	-1
-1	-1	-1	-1
-1	-1	-1	-1
-1	-1	-1	-1
-1	-1	-1	-1
-1	-1	-1	-1
-1	-1	-1	-1
-1	-1	-1	-1
-1	-1	-1	-1
-1	-1	-1	-1
-1	-1	-1	-1
-1	-1	-1	-1
-1	-1	-1	-1
-1	-1	-1	-1
-1	-1	-1	-1
-1	-1	-1	-1
-1	-1	-1	-1
-1	-1	-1	-1
-1	-1	-1	-1
-1	-1	-1	-1
-1	-1	-1	-1
-1	-1	-1	-1
-1	-1	-1	-1
-1	-1	-1	-1
-1	-1	-1	-1
-1	-1	-1	-1
-1	-1	-1	-1
-1	-1	-1	-1
-1	-1	-1	-1
-1	-1	-1	-1
-1	-1	-1	-1
-1	-1	-1	-1
-1	-1	-1	-1
-1	-1	-1	-1
-1	-1	-1	-1
-1	-1	-1	-1
-1	-1	-1	-1
-1	-1	-1	-1
-1	-1	-1	-1
-1	-1	-1	-1
-1	-1	-1	-1
-1	-1	-1	-1
-1	-1	-1	-1
-1	-1	-1	-1
-1	-1	-1	-1
-1	-1	-1	-1
-1	-1	-1	-1
-1	-1	-1	-1
-1	-1	-1	-1
-1	-1	-1	-1
-1	-1	-1	-1
-1	-1	-1	-1
-1	-1	-1	-1
-1	-1	-1	-1
-1	-1	-1	-1
-1	-1	-1	-1
-1	-1	-1	-1
-1	-1	-1	-1
-1	-1	-1	-1
-1	-1	-1	-1
-1	-1	-1	-1
-1	-1	-1	-1
-1	-1	-1	-1
-1	-1	-1	-1
-1	-1	-1	-1
-1	-1	-1	-1
-1	-1	-1	-1
-1	-1	-1	-1
-1	-1	-1	-1
-1	-1	-1	-1
-1	-1	-1	-1
-1	-1	-1	-1
-1	-1	-1	-1
-1	-1	-1	-1
-1	-1	-1	-1
-1	-1	-1	-1
-1	-1	-1	-1
-1	-1	-1	-1
-1	-1	-1	-1
-1	-1	-1	-1
-1	-1	-1	-1
-1	-1	-1	-1
-1	-1	-1	-1
-1	-1	-1	-1
-1	-1	-1	-1
-1	-1	-1	-1
-1	-1	-1	-1
-1	-1	-1	-1
365	251	10	17
364	250	11	17
364	251	10	17
364	251	11	17
364	251	11	17
364	251	11	16
364	251	10	16
364	251	11	16
364	251	11	15
364	251	11	15
364	250	11	17
364	251	10	17
364	252	11	15
364	251	11	17
364	250	11	17
364	251	10	17
364	250	11	16
364	251	11	16
364	251	10	16
364	253	11	14
364	252	11	15
364	252	11	15
364	252	11	15
364	251	11	16
364	251	11	16
364	251	11	16
365	251	10	17
364	250	10	16
364	251	11	17
364	251	11	17
364	252	12	15
364	251	11	15
364	251	11	16
364	251	11	16
364	251	11	17
364	251	11	16
364	251	11	16
364	251	12	15
364	251	11	16
364	251	11	16
364	251	10	16
364	251	11	16
364	252	11	15
364	252	11	15
364	251	11	16
364	251	11	17
364	251	11	17
364	251	11	16
364	252	11	15
364	251	11	16
365	251	10	16
364	251	11	16
364	251	11	17
364	251	11	17
364	251	10	17
364	251	11	16
364	251	11	16
364	251	11	15
364	251	10	16
364	251	11	17
364	251	11	16
364	251	11	16
364	251	11	16
364	251	10	16
364	251	12	16
364	251	10	16
364	251	10	16
364	251	11	16
364	252	11	15
364	251	11	16
364	252	11	15
364	251	11	16
364	252	11	15
365	252	10	15
364	253	11	14
364	255	11	13
364	254	10	13
364	253	11	14
364	252	12	15
366	253	13	17
365	255	10	16
365	255	10	16
366	256	11	15
366	256	11	14
366	255	11	16
365	253	13	17
365	255	13	16
365	255	13	16
365	256	11	15
365	254	14	16
365	255	12	15
365	255	11	16
366	255	11	16
365	254	11	16
365	255	13	16
365	255	11	16
366	254	11	16
366	254	11	16
365	254	11	17
365	255	11	16
365	254	11	16
366	254	11	16
365	254	12	16
365	253	11	18
365	254	12	17
365	254	11	17
365	253	12	18
366	254	11	17
365	253	11	17
365	254	11	17
365	255	12	16
364	255	12	15
365	254	12	17
364	254	13	16
365	254	12	17
365	254	11	17
365	253	11	18
365	254	11	17
365	254	12	17
365	254	12	17
365	254	12	17
365	254	12	17
365	253	12	17
365	253	11	18
365	254	11	17
365	254	11	17
366	254	11	17
365	254	11	17
365	254	11	17
365	254	11	17
365	254	12	17
365	254	11	17
365	254	11	17
365	253	11	18
365	254	12	17
365	254	12	17
365	255	12	16
365	255	12	16
365	254	11	16
365	253	12	17
365	254	11	17
365	255	11	15
366	254	11	16
366	254	11	16
366	254	11	15
366	254	11	16
366	254	12	16
366	254	13	16
366	253	12	17
366	253	11	18
367	253	10	18
367	252	9	18
365	253	11	17
366	253	11	17
365	254	11	16
365	255	11	16
366	254	10	15
365	254	11	16
365	254	11	16
365	254	11	16
365	253	11	17
365	253	11	17
365	253	9	16
365	252	9	17
365	253	9	15
365	253	9	16
365	254	10	15
364	254	10	15
364	253	10	16
365	252	10	16
365	252	10	16
367	252	8	17
365	252	8	17
366	251	8	19
364	253	8	16
364	253	9	16
364	252	9	17
364	252	10	17
364	253	10	16
364	254	9	16
364	253	9	17
364	253	8	17
364	253	9	17
364	253	9	17
364	253	9	17
364	253	9	16
364	253	10	17
364	253	9	17
364	253	9	16
364	253	10	16
364	253	9	16
364	254	9	15
364	255	9	14
364	254	9	15
364	253	9	16
364	253	9	16
364	254	9	15
364	252	10	17
364	252	9	18
364	254	9	16
364	253	9	16
364	253	9	16
364	252	9	17
364	253	9	16
364	254	9	16
364	252	9	16
364	253	9	16
364	252	10	16
364	253	9	16
364	254	10	15
364	255	9	14
364	254	10	15
365	252	10	16
365	252	10	17
365	250	10	19
365	252	10	17
365	253	10	15
365	254	9	16
364	252	9	18
364	252	10	18
364	253	10	16
364	253	10	16
364	253	9	17
364	254	9	16
364	254	9	16
364	253	9	16
364	254	10	15
364	253	9	16
364	253	10	17
364	253	9	16
364	254	10	15
364	253	9	16
364	254	9	15
364	254	9	15
364	253	9	16
364	253	9	17
364	253	9	16
364	253	9	16
364	253	9	16
364	253	9	17
364	252	9	17
364	253	9	16
364	253	10	16
364	254	9	16
364	254	9	16
364	253	10	16
364	253	9	16
364	253	9	16
364	253	10	16
364	252	10	16
364	254	9	15
364	253	9	16
364	253	9	16
364	252	9	18
364	252	9	17
364	253	9	17
364	254	9	15
365	256	9	13
364	256	10	12
364	256	10	13
364	255	10	14
364	255	10	14
364	254	10	15
364	255	10	14
364	255	9	14
364	254	9	15
364	254	9	16
364	253	10	16
365	253	9	16
364	254	9	15
364	254	10	15
364	253	11	16
365	256	9	13
364	254	10	15
364	254	10	14
364	254	10	15
364	253	10	15
364	253	10	16
364	254	10	16
364	253	10	16
364	254	9	16
364	253	10	16
364	254	11	16
365	255	10	14
364	254	10	15
364	254	10	15
364	254	10	14
364	254	9	14
364	254	10	14
364	252	9	18
364	252	10	18
365	252	9	18
364	253	9	16
364	255	9	15
365	256	9	13
364	254	10	15
364	254	10	15
364	253	9	15
364	254	9	16
364	252	10	18
364	252	9	18
