394	256	19	19
394	256	17	18
394	256	18	18
394	256	17	17
394	256	17	17
395	257	17	17
395	257	16	17
395	257	17	17
392	256	12	17
386	255	13	17
384	254	15	18
384	254	15	18
384	254	15	18
418	266	15	18
418	266	16	18
404	269	14	13
404	269	14	13
404	269	14	13
404	269	14	13
404	269	14	13
404	269	14	13
403	268	14	13
403	268	14	13
403	268	14	13
403	268	14	13
403	268	14	13
403	268	14	13
403	268	14	13
403	268	14	13
403	268	14	13
403	268	14	13
403	268	14	13
403	268	14	13
403	268	14	13
403	268	14	13
403	268	14	13
403	268	14	13
403	268	14	13
403	268	14	13
403	268	14	13
403	268	14	13
403	268	14	13
403	268	14	13
403	268	14	13
403	268	14	13
403	268	14	13
403	268	14	13
403	268	14	13
403	268	14	13
403	268	14	13
403	268	14	13
403	268	14	13
403	268	14	13
403	268	14	13
403	268	14	13
403	268	14	13
403	268	14	13
403	268	14	13
403	268	14	13
403	268	14	13
403	268	14	13
403	268	14	13
403	268	14	13
403	268	14	13
403	268	14	13
403	268	14	13
403	268	14	13
403	268	14	13
403	268	14	13
403	268	14	13
403	268	14	13
403	268	14	13
403	268	14	13
403	268	14	13
403	268	14	13
403	268	14	13
403	268	14	13
403	268	14	13
407	263	16	17
407	263	16	17
407	263	16	17
407	263	16	17
407	263	16	17
407	263	16	17
407	263	16	17
407	263	16	17
407	263	16	17
407	263	16	17
407	263	16	17
407	263	16	17
407	263	16	17
407	263	16	17
407	263	16	17
407	263	16	17
407	263	16	17
407	263	16	17
407	263	16	17
407	263	16	17
407	263	16	17
407	263	16	17
407	263	16	17
407	263	16	17
407	263	16	17
407	263	16	17
