-1	-1	-1	-1
-1	-1	-1	-1
-1	-1	-1	-1
-1	-1	-1	-1
-1	-1	-1	-1
-1	-1	-1	-1
-1	-1	-1	-1
-1	-1	-1	-1
-1	-1	-1	-1
-1	-1	-1	-1
-1	-1	-1	-1
-1	-1	-1	-1
-1	-1	-1	-1
-1	-1	-1	-1
-1	-1	-1	-1
-1	-1	-1	-1
-1	-1	-1	-1
-1	-1	-1	-1
-1	-1	-1	-1
-1	-1	-1	-1
-1	-1	-1	-1
-1	-1	-1	-1
-1	-1	-1	-1
-1	-1	-1	-1
-1	-1	-1	-1
-1	-1	-1	-1
-1	-1	-1	-1
-1	-1	-1	-1
-1	-1	-1	-1
-1	-1	-1	-1
-1	-1	-1	-1
-1	-1	-1	-1
-1	-1	-1	-1
-1	-1	-1	-1
-1	-1	-1	-1
-1	-1	-1	-1
-1	-1	-1	-1
-1	-1	-1	-1
-1	-1	-1	-1
-1	-1	-1	-1
-1	-1	-1	-1
-1	-1	-1	-1
-1	-1	-1	-1
-1	-1	-1	-1
-1	-1	-1	-1
-1	-1	-1	-1
-1	-1	-1	-1
-1	-1	-1	-1
-1	-1	-1	-1
-1	-1	-1	-1
-1	-1	-1	-1
-1	-1	-1	-1
-1	-1	-1	-1
-1	-1	-1	-1
-1	-1	-1	-1
-1	-1	-1	-1
-1	-1	-1	-1
-1	-1	-1	-1
-1	-1	-1	-1
-1	-1	-1	-1
-1	-1	-1	-1
-1	-1	-1	-1
-1	-1	-1	-1
-1	-1	-1	-1
-1	-1	-1	-1
-1	-1	-1	-1
-1	-1	-1	-1
-1	-1	-1	-1
-1	-1	-1	-1
-1	-1	-1	-1
-1	-1	-1	-1
-1	-1	-1	-1
-1	-1	-1	-1
-1	-1	-1	-1
-1	-1	-1	-1
-1	-1	-1	-1
-1	-1	-1	-1
-1	-1	-1	-1
-1	-1	-1	-1
-1	-1	-1	-1
-1	-1	-1	-1
-1	-1	-1	-1
-1	-1	-1	-1
-1	-1	-1	-1
-1	-1	-1	-1
-1	-1	-1	-1
-1	-1	-1	-1
-1	-1	-1	-1
-1	-1	-1	-1
-1	-1	-1	-1
-1	-1	-1	-1
-1	-1	-1	-1
-1	-1	-1	-1
-1	-1	-1	-1
-1	-1	-1	-1
-1	-1	-1	-1
-1	-1	-1	-1
-1	-1	-1	-1
-1	-1	-1	-1
-1	-1	-1	-1
-1	-1	-1	-1
-1	-1	-1	-1
-1	-1	-1	-1
-1	-1	-1	-1
-1	-1	-1	-1
-1	-1	-1	-1
-1	-1	-1	-1
-1	-1	-1	-1
-1	-1	-1	-1
-1	-1	-1	-1
-1	-1	-1	-1
-1	-1	-1	-1
-1	-1	-1	-1
-1	-1	-1	-1
-1	-1	-1	-1
-1	-1	-1	-1
-1	-1	-1	-1
-1	-1	-1	-1
-1	-1	-1	-1
-1	-1	-1	-1
-1	-1	-1	-1
-1	-1	-1	-1
-1	-1	-1	-1
-1	-1	-1	-1
-1	-1	-1	-1
-1	-1	-1	-1
-1	-1	-1	-1
-1	-1	-1	-1
-1	-1	-1	-1
-1	-1	-1	-1
-1	-1	-1	-1
-1	-1	-1	-1
-1	-1	-1	-1
-1	-1	-1	-1
-1	-1	-1	-1
-1	-1	-1	-1
-1	-1	-1	-1
-1	-1	-1	-1
-1	-1	-1	-1
-1	-1	-1	-1
-1	-1	-1	-1
-1	-1	-1	-1
-1	-1	-1	-1
-1	-1	-1	-1
-1	-1	-1	-1
-1	-1	-1	-1
-1	-1	-1	-1
-1	-1	-1	-1
-1	-1	-1	-1
-1	-1	-1	-1
-1	-1	-1	-1
-1	-1	-1	-1
-1	-1	-1	-1
-1	-1	-1	-1
-1	-1	-1	-1
-1	-1	-1	-1
-1	-1	-1	-1
-1	-1	-1	-1
-1	-1	-1	-1
-1	-1	-1	-1
-1	-1	-1	-1
-1	-1	-1	-1
-1	-1	-1	-1
-1	-1	-1	-1
-1	-1	-1	-1
-1	-1	-1	-1
-1	-1	-1	-1
-1	-1	-1	-1
-1	-1	-1	-1
-1	-1	-1	-1
-1	-1	-1	-1
-1	-1	-1	-1
-1	-1	-1	-1
-1	-1	-1	-1
-1	-1	-1	-1
-1	-1	-1	-1
-1	-1	-1	-1
-1	-1	-1	-1
-1	-1	-1	-1
-1	-1	-1	-1
-1	-1	-1	-1
-1	-1	-1	-1
-1	-1	-1	-1
-1	-1	-1	-1
-1	-1	-1	-1
-1	-1	-1	-1
-1	-1	-1	-1
-1	-1	-1	-1
-1	-1	-1	-1
-1	-1	-1	-1
-1	-1	-1	-1
-1	-1	-1	-1
-1	-1	-1	-1
-1	-1	-1	-1
-1	-1	-1	-1
-1	-1	-1	-1
-1	-1	-1	-1
-1	-1	-1	-1
-1	-1	-1	-1
-1	-1	-1	-1
-1	-1	-1	-1
-1	-1	-1	-1
-1	-1	-1	-1
-1	-1	-1	-1
-1	-1	-1	-1
-1	-1	-1	-1
-1	-1	-1	-1
-1	-1	-1	-1
-1	-1	-1	-1
-1	-1	-1	-1
-1	-1	-1	-1
-1	-1	-1	-1
-1	-1	-1	-1
-1	-1	-1	-1
-1	-1	-1	-1
-1	-1	-1	-1
-1	-1	-1	-1
-1	-1	-1	-1
-1	-1	-1	-1
-1	-1	-1	-1
-1	-1	-1	-1
-1	-1	-1	-1
-1	-1	-1	-1
-1	-1	-1	-1
-1	-1	-1	-1
-1	-1	-1	-1
-1	-1	-1	-1
-1	-1	-1	-1
-1	-1	-1	-1
-1	-1	-1	-1
-1	-1	-1	-1
-1	-1	-1	-1
-1	-1	-1	-1
-1	-1	-1	-1
-1	-1	-1	-1
-1	-1	-1	-1
-1	-1	-1	-1
-1	-1	-1	-1
-1	-1	-1	-1
-1	-1	-1	-1
-1	-1	-1	-1
-1	-1	-1	-1
-1	-1	-1	-1
-1	-1	-1	-1
-1	-1	-1	-1
-1	-1	-1	-1
-1	-1	-1	-1
-1	-1	-1	-1
-1	-1	-1	-1
-1	-1	-1	-1
-1	-1	-1	-1
-1	-1	-1	-1
-1	-1	-1	-1
-1	-1	-1	-1
-1	-1	-1	-1
-1	-1	-1	-1
-1	-1	-1	-1
-1	-1	-1	-1
-1	-1	-1	-1
-1	-1	-1	-1
-1	-1	-1	-1
-1	-1	-1	-1
-1	-1	-1	-1
-1	-1	-1	-1
-1	-1	-1	-1
-1	-1	-1	-1
-1	-1	-1	-1
-1	-1	-1	-1
-1	-1	-1	-1
-1	-1	-1	-1
-1	-1	-1	-1
-1	-1	-1	-1
-1	-1	-1	-1
-1	-1	-1	-1
-1	-1	-1	-1
-1	-1	-1	-1
-1	-1	-1	-1
-1	-1	-1	-1
-1	-1	-1	-1
-1	-1	-1	-1
-1	-1	-1	-1
-1	-1	-1	-1
-1	-1	-1	-1
-1	-1	-1	-1
-1	-1	-1	-1
-1	-1	-1	-1
-1	-1	-1	-1
-1	-1	-1	-1
-1	-1	-1	-1
-1	-1	-1	-1
-1	-1	-1	-1
-1	-1	-1	-1
-1	-1	-1	-1
-1	-1	-1	-1
-1	-1	-1	-1
-1	-1	-1	-1
-1	-1	-1	-1
365	251	10	17
365	250	9	18
365	251	10	17
365	250	9	19
365	250	9	19
365	250	9	19
366	250	8	19
365	249	9	19
366	250	9	17
366	251	9	17
366	251	9	17
365	250	10	19
365	250	10	18
365	250	11	19
365	248	10	19
365	249	10	19
366	250	9	18
366	249	9	18
365	251	10	18
365	251	10	17
365	251	9	17
365	250	10	18
365	251	10	16
365	251	9	16
365	250	10	18
365	249	11	19
366	248	9	19
365	249	9	18
365	251	10	17
365	250	10	19
365	247	9	20
365	247	9	20
365	248	10	19
365	247	10	20
364	248	11	19
365	250	11	17
364	249	11	18
365	250	11	17
366	250	9	17
366	250	8	18
365	250	10	18
365	250	10	18
365	249	9	19
366	248	9	19
365	248	10	19
365	249	10	18
365	248	10	19
365	250	10	18
365	250	9	18
367	251	8	17
367	251	8	17
366	250	8	18
365	250	9	18
366	250	9	19
367	250	8	18
366	251	9	17
366	250	9	18
366	250	9	18
366	250	9	18
365	251	10	17
365	249	10	18
365	250	10	18
365	250	10	17
365	250	10	19
365	248	10	20
366	250	9	19
365	248	10	19
366	250	9	18
365	249	10	18
365	248	10	19
365	250	10	17
367	250	9	18
366	250	9	19
365	250	9	19
367	250	8	19
366	250	9	18
364	251	11	17
364	251	11	16
365	250	12	17
365	252	11	18
365	251	10	19
365	251	10	19
365	251	10	19
366	249	9	21
365	248	10	22
365	248	10	22
366	250	10	20
366	250	10	20
366	248	9	22
366	249	9	21
366	249	9	21
366	250	9	20
367	251	8	20
368	252	7	19
367	251	8	19
366	250	9	20
366	250	9	20
366	251	9	20
366	251	9	19
365	252	10	19
366	249	10	21
365	249	9	21
366	249	9	22
366	250	10	22
365	249	10	22
365	249	10	22
365	251	10	22
365	249	10	23
366	249	9	22
366	249	10	22
365	250	10	21
365	251	10	21
365	249	10	22
365	249	10	21
366	250	9	21
366	251	9	20
365	250	10	21
365	251	10	21
365	250	10	21
365	251	10	21
366	249	9	22
366	249	10	22
366	250	9	22
366	250	9	22
365	250	10	22
365	250	10	22
366	252	9	20
366	249	9	21
366	251	9	21
366	252	10	20
366	250	10	22
366	249	10	22
366	249	9	22
365	251	10	21
365	251	10	20
365	251	10	20
366	251	9	20
366	250	10	21
365	251	10	21
365	250	10	20
365	250	9	21
366	251	9	19
366	254	10	17
366	254	10	16
366	253	10	17
366	251	9	18
367	251	9	19
367	251	9	19
367	251	9	19
367	251	9	18
367	252	8	18
367	252	9	17
365	253	10	17
365	253	11	17
365	253	11	18
365	253	11	18
365	252	10	18
366	252	9	17
366	252	9	18
366	252	9	17
366	251	10	18
365	252	10	18
364	253	10	16
365	251	9	18
365	252	9	18
365	250	8	19
364	250	10	20
365	251	9	19
364	253	10	15
364	255	11	14
366	251	8	17
366	251	8	19
365	250	10	20
366	248	8	21
365	248	9	22
365	250	9	19
365	249	9	21
365	249	9	20
365	250	9	20
365	250	9	21
365	252	9	18
365	252	8	18
365	252	8	19
365	252	8	19
365	252	8	18
365	252	8	18
365	251	8	19
365	252	8	18
365	252	8	18
365	252	8	18
365	252	9	18
365	252	8	18
365	252	8	19
365	252	8	18
365	252	8	19
365	251	8	19
365	251	9	18
365	251	9	18
365	251	8	19
365	252	8	19
365	252	8	18
365	251	9	19
365	251	8	19
365	251	8	19
365	251	8	18
365	252	8	18
365	251	8	19
365	251	8	19
365	251	8	19
365	251	8	18
364	252	9	18
364	252	10	16
366	252	8	18
366	251	9	18
365	251	9	19
365	252	10	17
365	251	9	17
365	252	9	18
365	252	8	18
364	251	10	19
365	251	9	19
365	252	9	18
365	251	8	19
365	252	8	18
365	252	8	18
365	252	9	18
365	251	9	18
365	252	9	18
365	251	9	19
365	252	9	18
365	252	8	18
365	252	8	18
365	252	8	19
365	251	8	19
365	251	8	20
365	252	8	20
365	252	8	19
365	252	8	19
365	252	8	19
365	251	8	20
365	251	8	20
365	251	8	20
365	251	9	19
365	252	9	19
365	252	8	19
365	251	8	19
365	252	8	19
365	252	8	18
365	252	8	18
365	252	8	17
365	253	9	17
365	252	8	19
365	252	8	19
365	252	8	18
365	252	9	19
365	250	8	21
365	250	8	20
365	253	8	18
365	252	9	19
365	251	9	19
365	253	8	17
365	253	8	17
365	253	8	17
365	252	8	18
365	253	9	17
366	251	8	20
365	252	8	18
365	252	8	18
365	252	8	19
365	252	8	19
365	252	9	19
365	252	9	18
366	251	8	20
366	250	8	20
365	252	8	18
365	251	8	19
365	250	8	20
365	252	8	19
365	251	9	19
365	251	9	20
365	251	9	20
365	250	9	21
365	251	9	19
365	252	9	17
365	254	9	16
365	253	9	16
365	252	9	18
365	252	8	18
365	252	8	19
365	251	8	19
365	250	8	20
365	250	8	20
365	253	8	17
365	252	8	18
365	252	9	18
365	253	9	16
365	252	8	18
365	250	8	20
365	250	8	20
365	251	9	20
365	249	8	21
