260	193	49	92
265	192	43	92
266	194	42	86
265	192	42	89
266	193	42	86
266	194	42	86
266	194	42	87
265	194	42	88
266	194	42	88
266	195	41	83
266	194	41	87
265	194	42	86
265	194	41	85
265	194	41	85
265	193	43	87
265	193	42	88
265	193	42	87
266	194	41	86
266	194	41	85
266	194	42	87
266	193	42	87
265	194	41	86
266	193	41	87
266	194	41	86
266	193	41	87
266	193	41	87
266	193	41	87
266	194	41	85
266	194	41	86
266	193	41	86
266	193	41	86
266	193	41	87
266	194	41	85
266	193	41	86
266	194	40	87
266	193	41	87
266	193	41	89
266	193	42	89
266	193	42	88
266	194	41	86
266	193	41	86
266	193	41	87
266	193	40	87
265	194	41	85
266	193	41	85
266	193	41	85
266	193	40	87
266	194	40	84
266	193	41	88
266	193	40	85
266	194	40	84
266	194	40	85
266	193	40	85
266	193	41	84
266	193	40	86
267	194	40	84
266	193	40	86
266	194	39	83
266	194	41	85
267	194	40	85
266	194	40	84
266	192	41	88
266	194	40	84
266	193	41	87
266	193	41	87
266	194	40	83
266	193	40	86
266	194	40	84
266	193	40	87
266	194	41	86
266	193	41	87
266	193	40	87
266	193	41	86
266	193	41	86
266	193	41	87
266	194	41	86
266	194	41	87
266	193	40	86
266	193	41	87
266	193	40	86
266	193	40	86
266	193	41	87
266	194	40	86
267	194	40	84
266	193	40	85
266	193	40	87
266	193	41	87
266	192	41	90
266	192	41	90
266	193	41	87
266	193	41	87
266	193	41	87
266	193	41	88
266	194	40	86
266	193	40	86
266	193	40	87
266	193	40	85
266	193	40	86
266	193	41	89
266	193	41	87
266	193	40	87
266	194	41	87
267	194	39	83
267	195	39	82
266	193	40	86
265	192	42	91
266	193	41	88
266	193	40	86
266	193	40	87
266	193	41	87
266	193	41	88
266	193	41	89
266	193	41	88
267	193	41	87
266	193	41	87
266	193	41	87
266	193	40	87
266	193	41	88
266	193	40	87
266	193	41	89
266	194	40	88
266	194	41	87
266	194	40	86
266	193	41	88
266	194	41	87
266	193	40	87
266	194	40	86
266	193	41	87
266	193	41	87
265	192	42	89
265	192	42	90
265	192	43	90
266	192	42	89
266	193	42	89
266	193	41	88
266	194	41	87
266	193	42	89
266	193	41	89
266	194	41	87
265	193	42	89
266	192	43	91
266	193	41	87
266	192	43	92
266	193	42	89
266	193	41	87
266	192	43	90
266	193	41	87
266	192	42	89
266	192	42	90
266	192	42	90
266	193	41	88
266	193	42	91
266	193	42	90
266	192	43	91
266	192	42	90
266	192	43	91
266	193	42	89
266	192	42	90
266	193	41	87
266	192	42	90
266	193	42	89
266	193	42	90
266	193	42	89
266	193	42	89
266	192	42	90
266	193	42	89
266	194	42	88
266	192	42	91
266	192	42	90
266	193	42	90
266	193	42	89
266	192	42	91
266	192	43	92
266	193	41	90
266	192	42	92
266	193	42	90
266	192	43	91
266	192	42	90
266	193	42	90
266	192	43	91
266	193	43	90
266	193	42	90
266	193	42	90
266	194	42	88
266	193	41	87
266	192	44	92
266	192	43	91
266	193	42	89
266	193	43	88
266	192	42	90
266	193	43	90
266	192	43	91
266	193	42	89
266	192	43	91
266	192	43	91
266	192	43	90
266	193	43	90
266	193	42	89
266	193	42	90
266	193	43	90
266	193	43	89
266	193	43	90
266	192	44	93
266	192	44	92
266	193	43	90
266	192	43	92
266	193	43	90
266	192	43	91
266	192	43	92
265	192	45	94
266	193	44	91
266	192	44	92
266	192	44	92
265	192	45	93
266	192	43	92
265	192	45	95
266	192	44	92
266	192	44	94
265	192	44	93
265	192	44	93
265	191	45	94
266	192	43	91
265	191	44	95
266	193	44	91
265	192	45	94
265	191	44	94
265	191	46	95
265	191	46	95
265	191	45	95
265	191	46	95
265	192	45	93
266	192	45	94
266	192	45	93
266	192	45	94
266	192	45	94
266	192	44	92
265	192	45	94
265	191	45	94
266	192	45	93
266	191	45	94
265	192	45	95
266	191	45	95
265	191	45	95
265	192	45	94
266	192	45	94
266	192	45	92
265	191	45	94
266	192	45	94
266	191	45	94
265	191	45	95
265	192	45	94
265	192	45	94
266	192	46	96
266	192	45	93
266	192	45	94
265	192	46	94
266	192	45	94
265	192	46	94
265	191	46	96
265	192	46	94
265	192	46	95
265	192	45	94
265	191	46	97
266	192	46	95
265	191	46	96
265	191	46	95
265	191	46	96
265	191	46	96
266	191	45	94
266	191	46	96
265	192	46	95
265	191	45	95
265	192	46	95
265	191	45	95
265	191	46	96
266	192	46	95
265	191	46	96
266	192	45	94
265	191	46	96
265	191	46	96
265	191	46	95
266	192	45	94
265	192	45	95
266	191	46	96
265	191	46	96
265	191	45	95
266	191	46	97
265	191	46	96
265	191	46	97
265	191	46	95
265	192	46	95
265	191	46	96
265	191	46	96
265	191	46	97
265	191	46	97
265	191	46	95
265	191	46	95
266	191	45	96
265	191	46	96
266	192	46	95
265	191	46	96
265	191	45	95
265	191	46	95
265	191	46	96
265	191	46	95
265	192	46	95
266	192	45	94
266	191	46	95
265	192	46	95
266	191	46	97
265	191	45	95
265	191	46	96
266	192	45	95
266	192	46	94
265	191	46	95
265	192	46	95
265	192	45	94
266	191	46	95
266	191	45	96
265	191	46	95
265	191	46	95
266	192	45	95
266	192	46	94
265	191	46	96
265	192	46	95
265	192	46	95
265	192	45	94
266	192	45	94
266	192	45	94
265	192	46	94
266	192	45	94
265	192	45	95
265	191	46	95
265	191	45	95
265	191	45	94
265	191	46	95
266	192	45	94
265	191	46	96
266	191	46	94
265	192	46	95
265	191	46	95
265	192	45	94
266	192	45	94
266	192	45	94
266	192	45	94
266	192	45	94
266	191	46	95
265	191	46	95
266	192	45	93
266	191	46	95
265	192	46	94
265	191	46	95
266	191	45	95
265	191	46	95
265	191	46	95
265	192	45	93
265	192	45	93
266	192	45	92
265	191	46	96
266	192	45	93
266	192	45	93
265	191	45	94
265	192	45	94
266	193	45	91
265	191	46	95
266	193	45	92
266	192	45	93
266	192	45	94
266	192	45	93
265	192	45	94
266	192	45	93
265	192	45	94
266	192	45	94
266	192	45	93
266	192	45	94
265	192	45	94
266	193	44	91
266	192	45	93
266	192	45	92
266	192	45	94
266	192	44	91
266	192	44	92
266	192	45	93
266	192	45	93
266	192	45	93
266	192	45	93
265	192	45	93
266	193	44	91
265	191	46	96
265	192	45	93
266	193	45	91
266	191	45	94
266	192	45	93
266	192	45	91
266	192	45	95
266	192	44	92
266	192	45	93
265	192	45	93
266	192	45	94
266	192	44	91
265	191	46	95
266	193	44	89
266	192	45	94
266	192	45	91
266	192	45	94
266	193	44	91
266	192	45	94
265	192	45	92
266	192	45	93
265	192	45	94
265	193	44	92
265	193	44	91
266	192	44	91
266	192	44	92
266	192	44	94
265	193	45	92
265	192	45	93
265	193	45	92
265	192	45	94
266	192	45	95
265	192	45	95
265	191	46	96
265	191	45	95
265	191	46	96
265	192	45	94
265	192	45	93
265	192	46	93
265	192	45	94
266	192	45	95
266	192	45	94
266	192	45	93
266	192	45	93
265	192	45	95
266	192	45	93
266	192	45	94
265	191	46	95
265	192	45	94
266	192	45	93
265	192	45	94
265	193	44	90
265	193	45	92
266	192	44	92
266	193	44	91
266	193	45	92
266	192	45	93
265	192	45	93
266	193	44	91
265	191	46	95
265	192	45	92
266	193	44	91
265	192	45	93
266	192	44	91
265	192	45	93
266	192	45	94
266	193	45	92
265	192	45	93
266	193	44	92
266	192	44	93
265	192	45	94
266	193	44	92
266	192	45	93
265	193	45	93
266	193	44	92
266	193	45	92
265	192	45	93
265	193	45	93
266	194	44	90
266	193	45	92
265	193	45	92
265	193	45	92
266	193	44	90
266	192	45	93
266	193	45	92
265	193	45	92
265	192	45	93
266	192	45	93
265	192	45	94
265	192	46	95
266	192	45	93
266	193	44	92
265	193	45	92
265	193	45	92
265	193	44	91
265	193	45	93
266	193	45	91
265	192	45	95
265	193	45	93
265	192	45	93
265	192	45	94
265	192	45	94
265	192	45	94
266	192	45	95
265	193	44	91
265	193	45	92
266	194	44	89
265	193	44	91
266	193	45	91
266	193	45	92
265	193	45	92
266	193	44	90
266	192	45	93
265	193	45	93
266	193	44	90
265	192	46	93
266	192	45	92
266	192	45	93
266	193	45	92
265	192	45	94
265	193	45	92
266	193	44	90
266	192	45	93
265	192	45	93
265	192	45	93
266	193	44	90
265	192	45	94
265	193	45	92
266	193	44	90
266	193	44	91
266	193	44	92
266	193	44	92
265	193	45	92
265	192	45	93
265	192	44	93
265	193	44	91
265	193	45	92
266	192	45	93
265	192	45	94
266	193	45	90
266	193	44	91
265	193	44	91
265	193	45	92
265	193	45	92
265	193	45	91
266	193	45	90
265	193	45	92
266	193	45	92
266	193	45	92
265	193	45	92
265	193	45	91
265	192	45	93
265	192	45	95
265	192	45	94
265	193	45	92
265	192	45	93
265	192	45	93
266	193	45	92
266	193	45	92
266	193	45	93
266	193	44	91
266	193	45	92
266	194	43	89
266	194	43	88
265	193	44	91
266	193	44	90
266	193	44	90
266	193	44	91
265	193	44	91
265	193	45	92
266	194	44	88
266	193	44	89
266	193	44	90
265	193	45	90
266	194	43	87
266	194	43	87
266	194	43	89
265	193	45	92
265	193	44	91
265	193	45	93
266	193	44	90
265	193	45	93
265	193	44	91
266	193	44	91
265	193	45	93
265	193	44	90
265	193	44	90
265	193	44	90
265	193	44	90
266	193	44	90
266	193	44	91
266	193	44	90
266	193	44	91
265	193	45	91
265	192	45	91
265	193	44	91
265	192	45	92
266	192	44	91
266	193	44	91
266	193	44	90
265	193	45	92
265	193	45	91
265	193	45	92
266	193	45	91
266	193	45	91
266	193	44	90
266	193	44	91
266	193	45	91
266	193	45	92
266	194	44	89
266	193	44	90
265	192	45	92
265	193	44	89
266	194	44	90
266	193	44	91
266	193	44	91
266	193	44	90
266	193	45	91
266	193	44	91
266	193	44	90
265	193	45	91
266	193	44	91
265	193	45	91
265	193	45	91
266	193	45	91
266	193	44	89
