423	266	13	17
424	267	11	15
423	267	12	13
424	267	12	14
424	267	12	14
424	267	12	16
423	267	13	15
423	267	12	15
423	267	13	16
423	267	12	17
423	267	12	17
423	266	12	18
424	266	12	19
424	266	12	18
423	266	13	17
423	267	12	15
423	267	13	14
423	267	13	14
423	267	13	15
423	267	13	14
423	267	13	15
423	267	12	14
423	267	12	15
423	267	12	15
423	267	12	16
423	267	12	16
424	267	12	14
423	267	12	15
423	267	12	14
423	267	12	13
423	267	12	14
423	267	12	13
423	267	12	13
424	267	11	12
424	267	11	12
424	267	11	14
423	267	12	13
423	267	12	15
423	267	12	14
423	267	12	13
423	267	12	14
423	267	11	13
414	264	10	13
426	245	12	15
426	245	12	15
426	245	12	15
426	245	12	15
426	245	12	15
426	245	12	15
426	245	12	15
426	245	12	15
426	245	12	15
426	245	12	15
426	245	12	15
426	245	12	15
426	245	12	15
426	245	12	15
426	245	12	15
426	245	12	15
426	245	12	15
426	245	12	15
426	245	12	15
426	245	12	15
426	245	12	15
426	245	12	15
426	245	12	15
426	245	12	15
426	245	12	15
426	245	12	15
431	271	13	17
431	271	13	17
431	271	13	17
431	271	13	17
431	271	13	17
431	271	13	17
431	271	13	17
431	271	13	17
431	271	13	17
431	271	13	17
431	271	13	17
431	271	13	17
431	271	13	17
431	271	13	17
431	271	13	17
431	271	13	17
431	271	13	17
431	271	13	17
431	271	13	17
431	271	13	17
431	271	13	17
431	271	13	17
431	271	13	17
431	271	13	17
431	271	13	17
431	271	13	17
431	271	13	17
431	271	13	17
431	271	13	17
431	271	13	17
431	271	13	17
431	271	13	17
431	271	13	17
431	271	13	17
431	271	13	17
431	271	13	17
431	271	13	17
431	271	13	17
431	271	13	17
431	271	13	17
431	271	13	17
431	271	13	17
431	271	13	17
431	271	13	17
431	271	13	17
431	271	13	17
431	271	13	17
431	271	13	17
431	271	13	17
431	271	13	17
431	271	13	17
422	243	11	18
421	253	9	18
418	259	11	20
418	263	12	19
415	261	12	17
416	263	11	16
416	263	11	15
417	263	10	16
417	263	10	15
418	264	9	13
418	264	9	12
418	264	8	13
417	264	10	12
418	264	9	12
417	264	10	12
418	264	9	11
417	264	9	12
418	264	9	12
418	264	9	11
418	264	9	11
417	264	10	12
417	264	10	12
417	264	10	12
417	264	10	13
418	263	10	14
418	264	8	14
417	265	8	13
417	265	8	13
430	273	10	14
430	273	10	14
430	273	10	14
430	273	10	14
430	273	10	14
430	273	10	14
430	273	10	14
430	273	10	14
430	273	10	14
430	273	10	14
430	273	10	14
430	273	10	14
429	273	11	15
429	273	11	15
429	273	11	15
430	271	11	17
430	271	11	17
430	271	11	17
430	271	11	17
430	271	11	17
408	271	11	16
408	271	11	16
408	271	11	16
408	271	11	16
407	271	12	15
407	272	11	11
407	272	11	11
407	272	11	12
407	272	11	12
407	272	11	12
407	272	11	12
407	272	11	12
407	272	11	12
407	272	11	12
432	246	11	14
427	249	11	15
424	249	11	16
423	255	10	16
419	263	10	14
421	264	10	16
423	265	11	14
423	265	11	15
422	266	12	15
422	266	12	14
423	266	12	12
423	266	11	13
423	266	12	13
422	266	12	13
422	266	12	13
423	266	11	12
423	266	12	13
423	266	12	14
423	266	11	13
423	266	12	13
423	266	12	15
422	266	13	14
422	266	13	14
422	265	13	15
423	265	12	15
423	264	12	15
422	265	11	15
418	263	10	14
418	263	10	14
418	263	10	14
418	263	10	14
429	272	11	17
429	272	11	17
429	272	11	17
429	272	11	17
431	271	11	18
407	270	13	15
408	271	12	14
408	272	11	11
408	272	12	11
408	272	11	10
429	274	12	13
403	256	14	12
408	272	12	11
408	272	11	10
429	275	11	12
408	272	11	11
408	272	11	10
408	272	11	10
408	272	11	10
429	274	11	13
429	274	11	13
429	274	11	13
429	274	11	13
429	274	11	13
429	274	11	13
408	272	12	11
408	272	11	11
430	275	10	13
408	272	10	11
408	272	11	10
429	274	11	13
429	274	11	13
429	274	11	13
429	274	11	13
429	274	11	13
429	274	11	13
429	272	13	16
408	272	11	12
408	272	11	11
408	272	12	11
408	272	11	10
408	272	11	11
408	273	11	10
408	272	11	10
408	273	12	10
408	273	11	9
408	273	11	10
408	272	12	10
408	272	12	10
408	272	11	10
408	272	11	10
408	272	11	10
408	272	11	10
408	272	11	11
408	272	11	11
408	272	11	11
408	272	12	11
408	272	11	11
408	272	11	11
408	272	11	10
408	272	11	10
408	272	11	10
408	272	12	11
408	272	11	11
408	271	12	12
426	258	13	14
423	265	13	15
424	267	13	14
424	267	15	18
424	267	14	21
424	267	15	20
424	267	14	20
425	268	15	22
415	270	15	18
415	270	14	19
415	270	13	15
415	271	13	14
415	271	14	14
415	271	14	16
414	271	14	15
415	271	14	12
415	271	14	14
414	271	14	14
415	271	14	13
414	271	14	14
414	271	14	15
414	271	15	15
413	271	15	15
414	271	15	14
414	271	15	15
414	271	14	15
414	271	14	15
414	271	14	15
414	271	14	13
414	271	14	14
414	271	14	15
414	271	14	13
414	271	14	13
414	271	14	14
415	271	14	12
415	271	14	13
415	271	14	13
414	271	14	13
414	271	14	13
414	271	14	14
414	271	15	17
414	271	15	15
414	271	15	15
414	271	15	13
414	271	14	13
414	271	15	14
414	271	15	13
414	271	15	13
414	271	14	13
415	271	14	12
414	271	15	13
414	271	14	14
414	271	14	14
414	271	14	15
414	271	15	16
414	271	14	15
414	271	15	15
414	271	14	14
414	271	14	14
414	271	15	16
414	271	14	15
414	271	14	14
414	271	15	15
414	271	15	16
414	271	15	16
414	271	14	15
414	271	14	15
414	271	14	15
414	271	15	16
414	271	15	16
413	271	15	17
414	271	14	15
414	271	14	14
414	271	14	13
415	271	13	13
414	271	14	13
414	271	15	14
414	271	14	13
414	271	15	14
414	271	14	14
414	271	14	14
414	271	14	15
414	271	15	14
414	271	14	13
414	271	15	15
414	271	14	15
414	271	14	15
414	271	14	15
414	271	14	15
414	271	15	16
414	271	15	15
414	271	14	16
414	271	14	15
415	271	13	12
415	271	14	13
415	271	13	13
415	271	14	14
414	271	14	14
423	271	16	13
423	271	16	13
423	271	16	13
423	271	16	13
423	271	16	17
423	271	18	19
423	271	17	18
423	271	17	18
423	271	17	18
423	271	17	18
423	271	17	18
423	271	17	18
423	271	17	18
403	274	14	16
405	274	11	17
423	272	9	16
405	274	11	16
406	274	11	14
405	275	11	12
405	275	11	11
405	274	11	12
405	275	11	11
405	275	11	11
405	274	11	12
405	275	11	13
405	275	11	11
405	275	11	12
405	275	11	12
405	275	11	11
405	275	11	11
405	275	11	11
405	275	11	11
405	275	11	10
405	275	11	10
405	275	11	11
405	275	11	11
405	274	11	11
405	275	11	11
405	275	11	10
405	275	11	11
405	275	11	12
405	275	12	12
405	275	11	12
405	275	11	11
405	275	11	10
405	275	11	10
405	275	11	11
405	275	11	11
405	275	11	11
405	275	11	11
405	275	11	11
405	275	11	11
405	275	11	10
405	275	11	11
405	275	10	10
405	275	12	11
405	275	11	11
405	275	11	11
405	275	11	11
405	275	11	10
406	275	10	10
405	275	11	11
405	274	12	12
405	275	11	11
405	275	10	11
406	274	10	11
406	274	10	12
406	274	11	12
405	275	10	12
406	275	10	11
405	275	11	11
406	275	11	12
406	275	10	11
403	275	10	11
403	275	11	12
403	274	11	13
403	274	10	12
403	274	10	13
403	274	10	13
403	275	10	12
403	275	10	12
403	275	11	12
402	275	11	12
396	275	11	12
395	275	12	12
396	276	11	12
396	276	11	11
396	275	11	11
396	275	10	12
396	275	11	11
396	275	10	12
396	275	11	12
396	275	11	12
396	275	12	13
396	275	11	12
396	275	11	12
396	275	11	11
396	276	11	11
396	275	11	11
396	275	11	11
396	275	11	11
396	275	11	11
396	275	11	12
396	275	11	11
396	275	11	11
396	275	11	12
396	275	11	11
396	275	11	10
396	275	11	11
396	275	11	12
396	275	11	12
396	275	11	12
397	275	11	11
396	275	11	11
396	275	11	11
396	275	11	12
396	275	11	11
396	275	11	11
396	275	11	11
396	275	11	11
396	275	11	11
396	275	11	11
396	275	12	12
396	275	11	12
396	275	11	12
396	275	11	11
396	275	11	11
396	275	11	11
396	275	11	12
396	275	11	11
396	275	11	12
396	275	11	12
396	275	11	12
396	275	11	12
396	275	11	12
395	275	12	13
396	275	11	12
396	275	11	11
396	275	11	11
396	275	11	12
396	275	11	12
396	275	11	13
396	275	11	12
396	275	11	13
396	275	11	12
396	275	12	12
396	275	11	12
396	275	11	13
396	275	11	12
396	275	11	12
396	275	11	12
396	275	11	12
396	275	11	11
396	275	12	12
396	275	11	11
396	275	11	12
396	275	11	12
396	275	10	12
397	275	10	12
397	275	11	11
396	276	10	11
397	275	11	11
396	275	11	11
396	275	11	12
396	275	11	11
396	275	11	11
396	275	11	12
396	275	11	12
396	275	11	12
396	275	10	12
396	275	10	12
397	275	10	12
396	275	11	12
396	275	11	12
396	275	11	11
396	275	11	11
396	275	10	11
396	275	11	11
397	275	10	11
396	275	10	11
396	275	11	12
396	275	11	11
396	275	11	13
397	275	10	11
396	275	11	11
396	275	11	11
396	275	11	11
396	275	11	11
396	275	11	11
396	275	11	11
396	275	11	11
396	275	11	12
396	275	11	11
396	275	11	12
396	275	11	12
396	275	11	12
396	275	11	11
396	275	11	11
396	275	10	11
396	275	11	12
396	275	11	12
396	275	11	12
396	275	11	12
396	275	10	11
396	275	11	11
396	275	11	11
396	275	11	12
396	275	11	12
396	275	11	12
396	275	11	12
396	275	11	12
396	275	11	12
396	275	11	13
396	275	11	12
396	275	10	12
396	275	11	12
396	275	11	12
396	275	11	12
396	275	11	12
397	275	10	12
396	275	11	12
396	275	11	12
