160	243	28	55
160	243	29	54
160	243	29	55
160	244	29	54
159	244	30	55
161	244	28	55
161	243	28	55
160	242	28	55
160	244	29	55
160	244	29	55
160	244	28	55
160	243	28	56
160	243	29	55
161	243	28	55
160	244	28	54
160	244	29	54
160	243	29	56
160	244	28	54
160	243	29	55
160	244	29	54
160	244	29	54
159	244	30	55
159	243	30	56
160	244	28	54
160	244	29	54
160	243	28	55
159	244	29	55
160	244	28	54
160	244	28	55
160	244	29	54
159	245	29	53
160	243	29	54
160	244	29	54
161	244	29	53
160	243	28	55
160	244	28	54
160	243	28	56
160	244	28	54
160	244	29	53
160	244	29	53
160	244	28	54
160	244	28	55
159	245	29	53
159	245	29	53
160	243	29	55
160	243	28	56
160	243	29	55
160	243	28	55
160	244	27	55
160	244	28	55
159	244	29	54
160	243	29	56
160	245	29	53
160	244	28	55
159	243	29	55
160	243	29	55
159	245	30	53
159	245	29	53
159	244	30	53
159	244	29	54
161	244	27	54
159	244	29	54
160	243	28	55
160	243	29	55
160	243	28	56
160	244	28	54
159	243	29	55
160	244	28	54
160	244	27	55
160	243	29	54
160	244	29	53
160	245	29	54
160	244	29	53
159	243	29	55
159	244	29	53
160	243	29	55
160	244	28	54
160	243	28	55
159	245	29	53
160	245	29	54
160	245	28	53
160	243	29	55
161	243	28	55
160	243	28	53
160	244	29	54
160	244	28	55
160	245	29	52
160	244	29	55
159	242	30	55
160	244	28	54
160	243	28	55
160	244	29	53
160	244	28	54
160	245	28	54
160	243	28	54
160	245	28	53
160	244	29	54
160	244	29	54
159	244	29	54
160	245	29	53
160	243	29	54
160	244	28	53
161	244	28	54
160	243	28	55
160	244	29	54
160	244	28	54
159	243	29	54
160	244	28	55
159	244	29	54
160	244	29	54
160	244	28	55
160	243	28	55
160	244	29	53
160	245	28	53
159	245	29	53
160	244	28	54
159	244	29	53
160	243	28	55
160	242	28	56
160	243	28	55
160	244	28	54
159	244	30	54
159	245	30	52
159	244	29	54
160	243	28	54
160	243	28	55
160	242	29	55
160	244	27	54
160	244	28	54
159	244	29	54
159	244	29	53
159	244	29	54
160	244	29	54
159	244	30	54
160	244	29	54
159	243	29	56
160	243	29	55
160	243	28	56
159	244	29	55
159	244	30	54
160	243	29	56
160	243	29	55
160	244	28	54
159	244	29	54
160	243	28	55
160	243	29	55
160	243	29	55
160	244	28	54
159	245	29	52
160	245	29	53
159	245	29	53
159	245	29	53
160	244	28	54
160	244	28	54
161	244	27	54
159	244	29	54
160	243	28	55
160	245	29	54
160	242	29	56
160	244	28	55
160	243	27	54
160	244	29	54
161	243	27	55
161	244	28	53
160	244	29	54
160	244	29	54
160	244	28	54
159	244	29	53
159	244	29	54
159	245	29	53
160	245	28	53
160	244	28	54
159	245	29	53
160	243	28	55
161	244	27	54
159	244	29	53
160	243	29	54
160	244	29	54
160	244	28	55
160	242	28	55
159	244	29	54
160	243	28	55
160	245	28	53
160	245	28	53
160	244	29	54
160	244	28	54
160	244	28	54
160	244	29	53
159	246	29	52
160	243	29	54
160	244	28	54
160	243	29	55
160	243	28	55
160	243	28	55
160	244	29	54
160	244	28	54
159	245	29	53
159	243	30	55
159	243	29	54
160	244	28	54
160	243	29	56
160	243	29	55
160	242	28	56
160	243	30	54
159	244	29	55
159	245	29	54
159	245	29	53
158	245	30	53
159	244	30	55
160	244	29	54
160	243	28	55
160	244	28	54
160	243	29	55
160	243	28	54
159	245	29	54
160	243	29	55
160	243	29	55
160	244	28	54
159	245	29	53
159	244	29	54
160	243	28	55
160	243	28	54
160	243	29	54
160	244	28	54
160	245	28	52
159	244	29	54
160	244	28	54
160	244	28	54
161	243	27	54
160	243	28	55
161	243	28	55
160	243	29	54
160	244	28	54
160	244	28	55
159	244	29	53
160	243	29	55
161	243	28	56
161	243	28	55
160	243	29	55
160	243	29	55
161	244	28	54
160	243	28	55
160	243	29	54
160	242	28	55
160	242	28	56
160	243	29	54
160	243	29	54
160	243	28	55
160	244	29	54
160	244	29	54
160	244	28	54
159	244	30	53
160	243	28	54
160	243	29	54
161	243	28	55
160	244	29	55
159	243	29	54
160	245	28	53
160	243	28	56
160	243	28	55
159	243	29	55
160	243	28	55
160	243	28	55
160	245	28	53
159	245	29	53
158	245	31	52
159	243	29	55
159	243	29	54
160	244	29	54
160	245	28	54
159	246	30	53
160	244	28	54
160	244	28	54
160	243	28	55
160	244	29	54
160	244	28	54
160	242	28	56
160	244	29	53
160	243	28	55
160	242	28	55
160	244	28	54
160	245	28	53
160	244	29	55
159	246	29	51
160	244	27	54
160	243	29	54
160	244	29	54
159	244	29	54
160	243	28	55
160	242	28	55
160	242	28	55
160	243	29	55
160	243	29	55
160	243	29	54
159	244	29	53
159	245	29	52
159	244	29	54
160	244	29	54
159	244	29	55
160	244	28	54
159	244	29	55
159	244	29	54
159	242	29	55
160	243	29	55
160	243	28	56
161	243	28	54
159	245	30	54
159	243	30	54
160	243	30	55
160	243	29	54
160	243	28	55
160	243	28	55
160	243	28	55
160	242	28	55
160	243	28	54
160	244	27	54
160	244	28	55
159	244	29	54
159	245	29	53
160	243	28	54
161	243	28	54
160	244	29	53
160	243	29	55
160	243	28	55
160	244	28	53
160	244	28	53
160	244	29	53
160	243	29	54
160	244	28	54
160	244	29	54
161	244	28	53
160	244	29	53
160	245	27	52
160	243	27	55
161	242	28	56
160	243	29	55
160	243	28	54
160	243	29	55
160	244	28	54
160	243	28	55
160	244	28	54
159	243	29	55
160	244	28	54
160	245	28	53
160	243	28	55
161	245	27	54
160	244	28	54
160	243	28	55
160	244	28	54
160	243	29	54
160	243	28	55
160	244	29	54
160	244	28	54
160	244	28	54
159	244	29	55
160	244	29	54
159	244	29	54
160	244	29	55
160	245	29	53
160	244	29	54
160	243	28	55
161	243	27	54
160	244	28	54
159	244	29	54
159	246	29	52
160	244	29	54
160	244	29	54
160	244	28	53
160	244	28	54
160	243	28	54
160	244	29	54
160	243	29	55
161	243	28	56
160	243	29	55
161	243	27	55
160	242	28	56
161	243	28	55
160	244	27	55
160	243	29	54
160	244	28	55
160	244	29	54
160	243	28	55
160	244	28	55
160	244	28	54
159	244	30	54
160	244	29	54
160	243	29	55
160	243	28	55
160	242	29	55
160	245	28	53
159	245	29	53
160	244	28	55
159	243	29	55
159	245	29	53
160	243	29	55
160	244	28	54
159	243	29	56
160	243	28	54
160	243	28	55
161	243	28	54
159	244	29	53
160	244	29	54
160	244	28	54
160	243	28	55
160	244	29	54
161	244	28	54
159	244	30	53
160	244	29	54
160	244	28	54
161	244	27	53
159	245	30	53
159	245	30	53
160	243	29	55
160	244	29	54
160	244	28	54
160	245	28	54
159	245	30	53
160	244	29	54
160	244	29	54
160	244	29	55
160	243	28	55
161	243	27	56
160	244	28	54
160	244	29	54
160	246	27	53
161	244	27	53
160	245	27	53
159	244	29	52
161	244	28	54
160	244	29	53
160	244	28	54
160	244	28	54
160	244	28	54
160	244	28	54
159	244	29	55
160	243	28	55
160	243	29	55
160	244	28	54
159	243	29	55
160	244	29	54
160	244	29	55
161	243	28	54
160	244	28	54
160	244	28	55
159	243	29	55
160	243	28	55
160	243	29	55
160	244	28	54
160	242	28	57
160	244	29	55
160	245	28	54
160	245	28	53
159	244	29	53
160	244	29	54
161	245	27	53
160	244	28	55
159	244	29	54
159	245	30	53
160	244	28	54
160	243	29	55
160	244	29	54
159	244	30	53
159	243	30	54
159	243	30	54
160	243	28	55
160	244	28	54
159	244	29	55
159	244	30	55
159	244	29	54
160	244	29	53
160	243	28	54
160	244	29	54
160	242	28	55
159	244	29	54
160	243	28	55
160	243	28	55
161	243	28	55
160	244	28	54
160	242	28	56
160	242	28	56
160	243	28	55
161	243	28	55
160	243	29	56
161	243	27	54
160	244	28	53
160	244	29	54
159	244	30	54
159	245	29	54
161	245	27	53
161	243	27	55
160	243	28	55
160	244	28	53
160	243	28	56
160	242	29	55
160	244	29	55
159	245	29	53
160	243	29	55
160	243	28	55
160	242	28	56
159	244	29	53
160	243	29	55
160	244	29	54
159	244	30	53
160	242	29	55
160	243	29	54
160	244	28	54
160	243	28	55
160	243	29	55
160	243	29	55
160	243	28	55
160	243	28	54
160	244	28	53
160	244	28	55
159	243	29	55
160	245	29	53
160	245	29	53
159	244	29	54
159	244	29	54
159	245	30	53
160	244	29	54
160	245	28	53
160	244	29	54
159	243	29	55
159	244	29	54
160	245	28	53
161	243	28	54
160	244	28	53
159	244	30	53
160	243	29	55
160	244	29	54
160	245	29	53
160	243	29	55
160	243	28	54
160	243	29	54
160	244	29	54
161	243	28	55
159	244	29	54
159	244	29	54
160	244	29	54
160	244	28	54
160	243	29	54
160	244	28	54
161	244	27	55
160	243	29	55
160	243	29	55
160	243	28	55
160	244	29	54
160	243	28	54
160	243	28	55
161	244	28	54
160	244	28	54
160	244	28	54
160	244	29	54
159	244	31	53
159	243	30	55
160	243	28	55
160	243	29	55
160	243	29	55
160	244	29	54
159	244	30	55
159	245	29	52
159	243	29	55
160	243	28	55
160	243	28	55
160	244	29	54
160	243	29	54
160	245	28	53
159	244	29	54
160	243	29	55
160	243	29	55
160	244	29	55
160	242	29	56
160	243	29	54
159	243	30	54
159	245	30	53
160	243	28	55
160	243	28	55
159	245	30	52
160	243	28	55
160	245	28	54
160	244	29	55
160	245	28	52
160	243	29	55
160	243	28	55
160	243	29	54
160	245	28	53
160	244	28	53
158	246	31	53
159	244	29	54
160	243	29	55
160	244	30	54
159	246	29	52
160	244	29	54
160	244	28	55
159	244	29	54
160	243	28	54
160	244	29	54
161	244	28	55
