396	275	13	12
396	275	13	10
396	275	12	10
396	275	13	10
395	275	13	12
396	275	12	11
396	275	13	11
396	275	13	11
396	275	13	13
395	275	13	11
396	275	13	11
396	275	12	12
396	275	12	12
396	275	11	11
395	275	13	12
392	274	13	13
392	274	13	15
392	274	13	13
392	274	13	12
392	274	13	13
392	274	12	13
393	275	12	12
392	274	13	13
393	274	12	13
393	274	12	13
393	274	12	12
393	274	12	12
393	274	12	13
393	274	13	14
393	274	12	15
393	274	12	13
393	274	12	15
393	274	11	14
393	274	11	14
393	274	12	15
393	275	11	12
393	274	11	13
394	274	11	14
393	274	12	14
393	274	11	13
393	274	11	13
393	274	11	14
394	274	11	14
393	274	11	14
393	275	13	11
393	274	12	10
393	274	12	13
393	274	12	14
393	274	12	13
394	275	11	12
393	274	11	14
393	275	11	12
393	274	12	14
394	275	11	13
393	275	11	12
393	275	11	12
394	275	11	12
394	274	11	13
393	275	12	13
393	274	12	14
393	274	12	16
393	274	11	15
393	274	12	14
393	274	12	14
394	275	11	12
393	275	11	13
393	274	11	13
393	274	11	14
394	275	11	12
394	275	11	11
393	275	12	12
393	274	11	13
393	274	11	12
393	274	11	14
394	275	11	13
393	274	11	13
393	274	12	14
393	274	11	13
394	275	11	12
394	275	10	11
394	275	10	12
393	275	11	12
393	275	12	12
393	275	11	13
393	274	11	14
394	274	11	16
393	274	11	15
394	274	11	14
392	274	12	15
392	274	13	16
394	274	11	14
394	274	11	14
393	274	12	14
392	274	13	14
392	274	13	14
392	274	13	15
393	274	12	14
393	274	13	14
392	274	12	13
393	274	12	14
393	274	12	13
393	274	11	13
392	274	13	14
392	275	13	13
394	274	11	15
393	274	12	15
393	274	12	15
394	274	11	13
393	275	11	11
394	274	11	13
395	275	10	10
395	275	10	10
395	275	10	10
395	275	10	10
395	275	10	10
382	265	10	10
382	265	9	11
382	265	10	11
381	265	10	10
382	265	10	11
381	265	10	11
382	264	9	11
382	264	9	11
382	265	10	11
382	265	9	11
381	265	10	11
382	265	9	10
382	265	9	10
382	265	9	11
382	265	10	11
382	265	10	11
382	265	10	10
381	265	10	11
381	265	10	11
381	265	10	11
381	265	10	11
382	264	10	11
382	265	10	10
382	265	10	10
382	265	10	10
382	265	10	10
394	274	10	10
392	274	12	11
391	273	13	11
391	273	13	10
392	274	12	10
392	274	11	11
393	273	10	13
392	273	12	14
392	273	13	15
393	273	12	15
392	273	12	17
392	273	12	17
392	273	12	17
392	273	12	17
392	273	12	17
392	273	12	16
391	273	13	17
391	273	13	17
391	273	13	17
391	273	13	17
391	273	13	17
391	273	13	17
391	273	13	17
391	273	13	17
391	273	13	17
391	273	13	17
391	273	13	17
391	273	13	17
391	273	13	17
391	273	13	17
391	273	13	17
391	273	13	17
391	273	13	17
391	273	13	17
391	273	13	17
391	273	13	17
391	273	13	17
391	273	13	17
391	273	13	17
391	273	13	17
391	273	13	17
391	273	13	17
391	273	13	17
391	273	13	17
391	273	13	17
391	273	13	17
391	273	14	17
391	273	14	17
391	273	14	17
391	273	14	17
391	273	14	17
391	273	14	17
391	273	14	17
391	273	14	17
391	273	14	17
391	273	14	17
391	273	14	17
391	273	14	17
391	273	14	17
391	273	14	17
391	273	14	17
391	273	14	17
391	273	14	17
381	264	13	14
381	264	12	13
381	264	12	13
382	264	12	11
382	264	11	11
382	264	11	9
383	264	11	8
383	264	11	9
382	264	11	9
382	264	11	9
383	264	10	10
381	264	12	8
382	264	12	9
383	264	11	8
383	264	10	8
383	264	10	8
383	264	10	9
382	264	11	7
382	264	11	7
382	264	11	9
383	264	11	9
382	264	11	9
383	264	11	10
382	264	11	10
382	264	12	10
383	264	10	9
383	264	10	9
383	264	11	8
383	264	10	8
383	264	10	8
383	264	11	9
383	264	10	9
383	264	11	8
383	264	10	8
383	264	10	9
384	264	10	10
383	264	10	9
383	264	10	10
383	264	10	10
383	264	11	10
383	264	10	10
383	264	10	8
384	264	9	8
384	265	9	8
383	265	11	8
382	264	11	9
382	264	11	9
383	264	11	8
383	264	11	8
383	264	11	9
383	264	10	11
383	264	10	10
383	264	11	9
383	264	11	8
382	264	11	9
382	264	12	10
382	264	11	9
382	264	11	10
382	264	11	9
382	264	12	10
383	264	10	10
382	264	11	10
382	264	11	10
382	264	11	11
382	264	11	10
382	264	11	9
382	264	11	11
383	264	10	10
382	264	11	10
383	264	10	10
383	264	10	10
382	264	11	9
382	264	11	9
383	264	10	9
383	264	11	9
383	264	11	9
382	264	11	10
382	264	10	9
382	264	11	9
382	264	11	10
383	264	10	8
383	265	10	7
385	264	10	8
386	265	10	10
373	255	11	11
373	255	11	11
373	255	11	11
397	273	11	12
397	273	11	11
397	273	12	11
397	272	11	11
397	272	11	10
397	272	13	10
397	272	12	10
397	272	12	11
397	272	12	10
396	273	13	10
396	272	14	10
396	273	13	10
396	272	14	10
396	273	13	9
396	273	13	9
396	273	14	9
397	273	12	10
396	272	14	11
397	273	12	10
397	273	12	10
397	273	12	11
397	273	12	10
397	273	12	11
396	273	13	12
396	272	13	12
396	273	13	11
396	273	13	12
396	272	14	14
396	272	14	16
395	272	14	16
395	272	14	17
397	272	12	15
397	273	12	13
397	273	12	11
397	273	12	11
397	273	12	12
397	273	12	12
397	273	11	11
397	273	12	11
396	273	13	11
397	273	13	11
397	273	12	11
397	273	12	11
397	272	11	11
397	273	12	11
397	273	12	9
397	273	12	10
397	273	13	9
397	273	12	10
398	273	12	9
398	273	11	8
397	273	12	10
398	273	11	9
397	273	12	10
397	273	12	10
397	273	12	10
397	272	12	12
398	273	11	11
397	273	11	11
397	272	11	12
397	273	11	12
398	273	11	10
397	273	12	10
