-1	-1	-1	-1
-1	-1	-1	-1
-1	-1	-1	-1
-1	-1	-1	-1
-1	-1	-1	-1
-1	-1	-1	-1
-1	-1	-1	-1
-1	-1	-1	-1
-1	-1	-1	-1
-1	-1	-1	-1
-1	-1	-1	-1
-1	-1	-1	-1
-1	-1	-1	-1
-1	-1	-1	-1
-1	-1	-1	-1
-1	-1	-1	-1
-1	-1	-1	-1
-1	-1	-1	-1
-1	-1	-1	-1
-1	-1	-1	-1
-1	-1	-1	-1
-1	-1	-1	-1
-1	-1	-1	-1
-1	-1	-1	-1
-1	-1	-1	-1
-1	-1	-1	-1
-1	-1	-1	-1
-1	-1	-1	-1
-1	-1	-1	-1
-1	-1	-1	-1
-1	-1	-1	-1
-1	-1	-1	-1
-1	-1	-1	-1
-1	-1	-1	-1
-1	-1	-1	-1
-1	-1	-1	-1
-1	-1	-1	-1
-1	-1	-1	-1
-1	-1	-1	-1
-1	-1	-1	-1
-1	-1	-1	-1
-1	-1	-1	-1
-1	-1	-1	-1
-1	-1	-1	-1
-1	-1	-1	-1
-1	-1	-1	-1
-1	-1	-1	-1
-1	-1	-1	-1
-1	-1	-1	-1
-1	-1	-1	-1
-1	-1	-1	-1
-1	-1	-1	-1
-1	-1	-1	-1
-1	-1	-1	-1
-1	-1	-1	-1
-1	-1	-1	-1
-1	-1	-1	-1
-1	-1	-1	-1
-1	-1	-1	-1
-1	-1	-1	-1
-1	-1	-1	-1
-1	-1	-1	-1
-1	-1	-1	-1
-1	-1	-1	-1
-1	-1	-1	-1
-1	-1	-1	-1
-1	-1	-1	-1
-1	-1	-1	-1
-1	-1	-1	-1
-1	-1	-1	-1
-1	-1	-1	-1
-1	-1	-1	-1
-1	-1	-1	-1
-1	-1	-1	-1
-1	-1	-1	-1
-1	-1	-1	-1
-1	-1	-1	-1
-1	-1	-1	-1
-1	-1	-1	-1
-1	-1	-1	-1
-1	-1	-1	-1
-1	-1	-1	-1
-1	-1	-1	-1
-1	-1	-1	-1
635	250	4	21
635	250	4	21
635	250	4	21
635	250	4	21
635	250	4	21
635	250	4	21
635	250	4	21
635	250	4	21
635	250	4	21
635	250	4	21
635	250	4	21
635	250	4	21
635	250	4	21
635	250	4	21
635	250	4	21
635	250	4	21
635	250	4	21
635	250	4	21
635	250	4	21
635	250	4	21
635	250	4	21
635	250	4	21
635	250	4	21
635	250	4	21
635	250	4	21
635	250	4	21
635	250	4	21
635	250	4	21
635	250	4	21
635	250	4	21
635	250	4	21
635	250	4	21
635	250	4	21
635	250	4	21
635	250	4	21
635	250	4	21
635	250	4	21
635	250	4	21
635	250	4	21
635	250	4	21
635	250	4	21
635	250	4	21
635	250	4	21
635	250	4	21
635	250	4	21
635	250	4	21
635	250	4	21
635	250	4	21
635	250	4	21
635	250	4	21
635	250	4	21
635	250	4	21
635	250	4	21
635	250	4	21
635	250	4	21
634	237	5	18
634	237	5	18
634	237	5	18
634	237	5	18
634	237	5	18
634	237	5	18
634	237	5	18
634	237	5	18
634	237	5	18
634	237	5	18
634	237	5	18
634	237	5	18
634	237	5	18
634	237	5	18
634	237	5	18
634	237	5	18
634	237	5	18
634	237	5	18
634	237	5	18
634	237	5	18
634	237	5	18
634	237	5	18
634	237	5	18
634	237	5	18
621	221	4	15
621	221	4	15
621	221	4	15
621	221	4	15
621	221	4	15
621	221	4	15
621	221	4	15
621	221	4	15
621	221	4	15
621	221	4	15
621	221	4	15
621	221	4	15
621	221	4	15
621	221	4	15
621	221	4	15
621	221	4	15
621	221	4	15
621	221	4	15
621	221	4	15
621	221	4	15
621	221	4	15
621	221	4	15
621	221	4	15
621	221	4	15
621	221	4	15
621	221	4	15
621	221	4	15
621	221	4	15
621	221	4	15
621	221	4	15
621	221	4	15
621	221	4	15
604	221	6	15
604	221	6	15
604	221	6	15
604	221	6	15
604	221	6	15
604	221	6	15
604	221	6	15
604	221	6	15
604	221	6	15
604	221	6	15
604	221	6	15
604	221	6	15
604	221	6	15
604	221	6	15
604	221	6	15
604	221	6	15
604	221	6	15
604	221	6	15
604	221	6	15
604	221	6	15
604	221	6	15
604	221	6	15
585	203	7	16
585	203	7	16
585	203	7	16
585	203	7	16
585	203	7	16
585	203	7	16
585	203	7	16
585	203	7	16
585	203	7	16
585	203	7	16
585	203	7	16
585	203	7	16
585	203	7	16
585	203	7	16
585	203	7	16
585	203	7	16
585	203	7	16
585	203	7	16
585	203	7	16
585	203	7	16
585	203	7	16
591	210	9	14
591	210	9	14
591	210	9	14
591	210	9	14
591	210	9	14
591	210	9	14
591	210	9	14
591	210	9	14
591	210	9	14
591	210	9	14
591	210	9	14
591	210	9	14
591	210	9	14
591	210	9	14
591	210	9	14
591	210	9	14
591	210	9	14
591	210	9	14
593	203	11	14
593	203	11	14
593	203	11	14
593	203	11	14
593	203	11	14
593	203	11	14
593	203	11	14
593	203	11	14
590	200	9	16
590	200	9	16
590	200	9	16
567	212	11	16
567	212	11	16
567	212	11	16
567	212	11	16
567	212	11	16
567	212	11	16
567	212	11	16
567	212	11	16
567	212	11	16
567	212	11	16
567	212	11	16
567	212	11	16
567	212	11	16
567	212	11	16
567	212	11	16
567	212	11	16
567	212	11	16
567	212	11	16
567	212	11	16
567	212	11	16
567	212	11	16
567	212	11	16
567	212	11	16
567	212	11	16
567	212	11	16
567	212	11	16
567	212	11	16
567	212	11	16
567	212	11	16
567	212	11	16
567	212	11	16
567	212	11	16
567	212	11	16
567	212	11	16
567	212	11	16
567	212	11	16
567	212	11	16
567	212	11	16
567	212	11	16
567	212	11	16
567	212	11	16
567	212	11	16
567	212	11	16
567	212	11	16
567	212	11	16
567	212	11	16
567	212	11	16
567	212	11	16
567	212	11	16
567	212	11	16
567	212	11	16
567	212	11	16
567	212	11	16
567	212	11	16
567	212	11	16
567	212	11	16
567	212	11	16
567	212	11	16
567	212	11	16
567	212	11	16
567	212	11	16
567	212	11	16
567	212	11	16
