381	119	19	56
385	115	22	57
381	111	24	57
381	111	24	57
381	111	24	57
381	111	24	57
381	111	24	57
382	95	27	56
386	93	32	59
376	93	39	58
376	93	39	58
376	93	39	58
376	93	39	58
376	93	39	58
376	93	39	58
376	93	39	58
376	93	39	58
376	93	39	58
376	93	39	58
376	93	39	58
376	93	39	58
376	93	39	58
376	93	39	58
376	93	39	58
376	93	39	58
376	93	39	58
376	93	39	58
376	93	39	58
376	93	39	58
376	93	39	58
376	93	39	58
376	93	39	58
376	93	39	58
376	93	39	58
376	93	39	58
376	93	39	58
376	93	39	58
376	93	39	58
376	93	39	58
376	93	39	58
376	93	39	58
376	93	39	58
376	93	39	58
376	93	39	58
376	93	39	58
376	93	39	58
376	93	39	58
376	93	39	58
376	93	39	58
376	93	39	58
376	93	39	58
376	93	39	58
376	93	39	58
376	93	39	58
376	93	39	58
376	93	39	58
376	93	39	58
376	93	39	58
376	93	39	58
376	93	39	58
376	93	39	58
376	93	39	58
376	93	39	58
376	93	39	58
376	93	39	58
376	93	39	58
376	93	39	58
376	93	39	58
376	93	39	58
376	93	39	58
376	93	39	58
376	93	39	58
376	93	39	58
376	93	39	58
376	93	39	58
376	93	39	58
376	93	39	58
376	93	39	58
279	29	32	64
279	29	32	64
279	29	32	64
279	29	32	64
279	29	32	64
279	29	32	64
279	29	32	64
279	29	32	64
279	29	32	64
279	29	32	64
279	29	32	64
279	29	32	64
243	62	33	56
243	62	33	56
243	62	33	56
243	62	33	56
243	62	33	56
292	21	38	50
292	21	38	50
292	21	38	50
292	21	38	50
292	21	38	50
292	21	38	50
292	21	38	50
292	21	38	50
212	35	38	43
212	35	38	43
212	35	38	43
212	35	38	43
212	35	38	43
212	35	38	43
212	35	38	43
212	35	38	43
212	35	38	43
212	35	38	43
212	35	38	43
212	35	38	43
212	35	38	43
212	35	38	43
212	35	38	43
212	35	38	43
212	35	38	43
212	35	38	43
212	35	38	43
212	35	38	43
212	35	38	43
212	35	38	43
290	55	40	33
290	55	40	33
290	55	40	33
290	55	40	33
290	55	40	33
296	76	33	29
296	76	33	29
296	76	33	29
296	76	33	29
296	76	33	29
296	76	33	29
296	76	33	29
296	76	33	29
296	76	33	29
296	76	33	29
296	76	33	29
296	76	33	29
296	76	33	29
296	76	33	29
296	76	33	29
296	76	33	29
296	76	33	29
296	76	33	29
296	76	33	29
296	76	33	29
296	76	33	29
296	76	33	29
296	76	33	29
296	76	33	29
296	76	33	29
296	76	33	29
296	76	33	29
296	76	33	29
296	76	33	29
296	76	33	29
296	76	33	29
296	76	33	29
296	76	33	29
296	76	33	29
296	76	33	29
296	76	33	29
296	76	33	29
324	17	33	32
324	17	33	32
324	17	33	32
324	17	33	32
324	17	33	32
324	17	33	32
324	17	33	32
324	17	33	32
324	17	33	32
324	17	33	32
324	17	33	32
324	17	33	32
324	17	33	32
324	17	33	32
324	17	33	32
324	17	33	32
324	17	33	32
324	17	33	32
324	17	33	32
324	17	33	32
324	17	33	32
324	17	33	32
324	17	33	32
324	17	33	32
324	17	33	32
324	17	33	32
324	17	33	32
324	17	33	32
324	17	33	32
324	17	33	32
324	17	33	32
324	17	33	32
324	17	33	32
324	17	33	32
324	17	33	32
324	17	33	32
324	17	33	32
324	17	33	32
324	17	33	32
324	17	33	32
324	17	33	32
324	17	33	32
324	17	33	32
324	17	33	32
324	17	33	32
324	17	33	32
324	17	33	32
324	17	33	32
324	17	33	32
324	17	33	32
324	17	33	32
324	17	33	32
324	17	33	32
324	17	33	32
324	17	33	32
324	17	33	32
324	17	33	32
324	17	33	32
324	17	33	32
324	17	33	32
324	17	33	32
324	17	33	32
324	17	33	32
324	17	33	32
324	17	33	32
324	17	33	32
324	17	33	32
324	17	33	32
324	17	33	32
324	17	33	32
324	17	33	32
324	17	33	32
324	17	33	32
324	17	33	32
324	17	33	32
324	17	33	32
324	17	33	32
324	17	33	32
324	17	33	32
324	17	33	32
324	17	33	32
324	17	33	32
324	17	33	32
324	17	33	32
324	17	33	32
324	17	33	32
324	17	33	32
324	17	33	32
273	84	27	31
273	84	27	31
273	84	27	31
273	84	27	31
273	84	27	31
273	84	27	31
273	84	27	31
273	84	27	31
273	84	27	31
273	84	27	31
273	84	27	31
273	84	27	31
273	84	27	31
273	84	27	31
273	84	27	31
273	84	27	31
273	84	27	31
273	84	27	31
273	84	27	31
273	84	27	31
273	84	27	31
273	84	27	31
273	84	27	31
273	84	27	31
273	84	27	31
273	84	27	31
273	84	27	31
273	84	27	31
273	84	27	31
321	33	30	28
321	33	30	28
321	33	30	28
321	33	30	28
321	33	30	28
321	33	30	28
321	33	30	28
321	33	30	28
321	33	30	28
321	33	30	28
321	33	30	28
321	33	30	28
321	33	30	28
321	33	30	28
321	33	30	28
321	33	30	28
321	33	30	28
321	33	30	28
321	33	30	28
321	33	30	28
321	33	30	28
321	33	30	28
321	33	30	28
321	33	30	28
321	33	30	28
321	33	30	28
321	33	30	28
321	33	30	28
321	33	30	28
321	33	30	28
321	33	30	28
321	33	30	28
321	33	30	28
321	33	30	28
321	33	30	28
321	33	30	28
321	33	30	28
321	33	30	28
321	33	30	28
321	33	30	28
321	33	30	28
321	33	30	28
321	33	30	28
321	33	30	28
321	33	30	28
321	33	30	28
321	33	30	28
321	33	30	28
321	33	30	28
321	33	30	28
321	33	30	28
321	33	30	28
