373	236	17	19
373	236	17	18
372	236	18	17
371	236	18	18
371	236	19	17
373	236	17	16
373	235	18	16
373	236	17	18
371	236	21	16
371	236	21	16
371	236	21	16
371	236	21	16
371	236	21	16
371	236	21	16
371	236	21	16
371	236	21	16
371	236	21	16
371	236	21	16
371	236	21	16
371	236	21	16
371	236	21	16
371	236	21	16
371	236	21	16
371	236	21	16
371	236	21	16
371	236	21	16
371	236	21	16
371	236	21	16
371	236	21	16
371	236	21	16
371	236	21	16
371	236	21	16
371	236	21	16
371	236	21	16
371	236	21	16
371	236	21	16
371	236	21	16
371	236	21	16
371	236	21	16
371	236	21	16
371	236	21	16
371	236	21	16
371	236	21	16
371	236	21	16
371	236	21	16
371	236	21	16
371	236	21	16
371	236	21	16
371	236	21	16
371	236	21	16
371	236	21	16
371	236	21	16
371	236	21	16
371	236	21	16
371	236	21	16
371	236	21	16
371	236	21	16
371	236	21	16
371	236	21	16
371	236	21	16
371	236	21	16
371	236	21	16
371	236	21	16
371	236	21	16
371	236	21	16
371	236	21	16
371	236	21	16
371	236	21	16
371	236	21	16
371	236	21	16
371	236	21	16
371	236	21	16
371	236	21	16
371	236	21	16
371	236	21	16
371	236	21	16
371	236	21	16
371	236	21	16
371	236	21	16
371	236	21	16
371	236	21	16
371	236	21	16
371	236	21	16
371	236	21	16
371	236	21	16
371	236	21	16
371	236	21	16
371	236	21	16
371	236	21	16
371	236	21	16
371	236	21	16
371	236	21	16
371	236	21	16
371	236	21	16
371	236	21	16
371	236	21	16
371	236	21	16
371	236	21	16
371	236	21	16
371	236	21	16
371	236	21	16
371	236	21	16
371	236	21	16
371	236	21	16
371	236	21	16
371	236	21	16
371	236	21	16
371	236	21	16
371	236	21	16
371	236	21	16
371	236	21	16
371	236	21	16
371	236	21	16
371	236	21	16
371	236	21	16
371	236	21	16
371	236	21	16
371	236	21	16
371	236	21	16
