369	294	30	27
369	295	29	26
369	294	30	27
369	294	29	27
369	294	29	27
369	294	29	27
369	294	29	27
369	294	30	27
369	294	30	27
369	294	30	27
369	294	30	27
369	294	29	27
369	294	30	27
369	294	30	27
369	294	30	27
369	294	30	27
369	294	29	26
370	294	29	26
369	294	29	27
369	294	29	27
369	294	29	27
369	294	29	27
369	294	29	27
369	294	29	27
369	294	30	27
369	294	30	26
369	294	30	27
369	294	29	27
369	294	29	26
369	294	30	27
369	294	29	26
369	294	29	27
369	294	29	27
369	294	30	27
369	294	29	26
370	294	28	26
369	294	29	26
369	294	29	27
369	294	29	27
369	294	29	27
369	294	29	26
369	294	29	26
369	294	29	26
370	294	29	26
369	294	29	26
370	294	28	26
369	294	29	26
369	294	29	26
370	294	29	26
369	294	30	26
369	294	29	26
369	294	29	26
369	294	29	26
369	294	29	26
369	294	29	26
369	294	30	27
369	294	29	27
369	294	29	27
369	294	29	27
369	294	29	26
369	294	29	26
370	294	29	26
369	294	29	26
369	294	29	26
369	294	29	26
369	294	30	27
369	294	29	26
369	294	30	27
369	294	30	27
369	294	30	27
369	294	29	27
369	294	30	27
369	294	29	27
368	294	30	27
369	294	29	27
369	294	29	26
369	294	29	27
370	294	29	26
370	294	28	26
369	294	28	26
370	294	28	26
370	294	28	26
368	294	30	29
368	295	31	28
369	294	26	27
369	295	23	25
371	297	22	24
371	295	29	26
370	295	28	26
370	294	28	27
371	295	28	25
372	296	26	25
371	295	28	26
370	293	28	27
369	293	29	28
369	293	28	27
371	293	27	27
370	295	28	26
371	295	28	26
370	295	28	26
370	294	29	26
370	294	29	26
369	294	30	27
370	294	30	27
370	294	29	27
370	294	29	26
370	294	29	26
370	294	29	26
370	295	28	26
370	294	28	26
370	295	28	25
370	295	28	26
370	294	29	26
370	294	29	26
370	294	29	26
370	294	29	27
370	294	29	26
371	296	28	26
371	296	28	25
